0 0.454297 0.451389 0.127344 0.052778
0 0.351172 0.613194 0.049219 0.040278
0 0.761328 0.679861 0.030469 0.034722
0 0.748047 0.718056 0.028906 0.038889
0 0.402344 0.699306 0.070313 0.054167
0 0.191406 0.629861 0.031250 0.051389
0 0.227734 0.627083 0.053906 0.045833
0 0.207031 0.695833 0.057813 0.033333
0 0.251172 0.708333 0.032031 0.058333
0 0.880859 0.965972 0.119531 0.068056
0 0.425781 0.562500 0.015625 0.027778
0 0.639844 0.729167 0.057813 0.063889
0 0.688281 0.737500 0.040625 0.083333
0 0.738281 0.763889 0.064062 0.075000
0 0.420703 0.499306 0.017969 0.029167
0 0.499609 0.552083 0.016406 0.029167
0 0.485156 0.554167 0.012500 0.033333
0 0.521094 0.539583 0.017188 0.029167
0 0.518750 0.513194 0.034375 0.031944
0 0.386328 0.509028 0.028906 0.040278
0 0.233984 0.478472 0.099219 0.043056
0 0.316797 0.704861 0.099219 0.104167
0 0.622656 0.665972 0.112500 0.054167
0 0.833984 0.823611 0.050781 0.069444
0 0.983984 0.877778 0.030469 0.191667
0 0.950391 0.841667 0.050781 0.194444
0 0.895312 0.848611 0.073437 0.119444
0 0.900781 0.772222 0.070313 0.030556
0 0.418750 0.543750 0.032812 0.023611
0 0.133594 0.502778 0.059375 0.047222
0 0.120703 0.550694 0.032031 0.020833
0 0.305859 0.503472 0.039844 0.076389
0 0.319922 0.568750 0.064844 0.040278
0 0.353906 0.550000 0.020312 0.027778
0 0.953906 0.579167 0.001563 0.002778
0 0.953516 0.569444 0.030469 0.052778
0 0.980859 0.591667 0.036719 0.052778
0 0.569922 0.570833 0.028906 0.030556
0 0.608594 0.566667 0.051562 0.030556
0 0.744531 0.646528 0.031250 0.045833
0 0.372656 0.468750 0.018750 0.023611
0 0.209766 0.765972 0.027344 0.054167
0 0.439063 0.513194 0.028125 0.029167
0 0.458203 0.546528 0.028906 0.040278
0 0.489453 0.502778 0.022656 0.036111
0 0.460938 0.510417 0.028125 0.051389
0 0.435547 0.481944 0.021094 0.030556
0 0.172266 0.663194 0.036719 0.043056
0 0.103906 0.601389 0.114063 0.052778
0 0.580469 0.462500 0.056250 0.044444
0 0.385156 0.538194 0.026563 0.029167
0 0.346875 0.488889 0.046875 0.050000
0 0.350000 0.523611 0.045313 0.044444
0 0.281250 0.576389 0.017188 0.030556
0 0.272656 0.539583 0.020312 0.026389
0 0.130469 0.713889 0.032812 0.047222
0 0.522656 0.481250 0.050000 0.051389
0 0.559375 0.515972 0.045313 0.048611
0 0.556641 0.545833 0.036719 0.027778
0 0.075391 0.659028 0.150781 0.073611
0 0.048047 0.750694 0.096094 0.104167
0 0.071875 0.872917 0.143750 0.226389
0 0.213281 0.874306 0.129688 0.195833
0 0.331641 0.792361 0.125781 0.073611
0 0.319922 0.870139 0.055469 0.112500
0 0.203906 0.527083 0.134375 0.065278
0 0.180859 0.560417 0.080469 0.045833
0 0.176172 0.595139 0.022656 0.034722
0 0.237500 0.588194 0.056250 0.045833
0 0.278516 0.591667 0.032031 0.041667
0 0.950000 0.720833 0.098438 0.088889
0 0.852344 0.729167 0.089062 0.094444
0 0.945703 0.614583 0.107031 0.143056
0 0.685156 0.627083 0.064062 0.079167
0 0.636719 0.596528 0.051562 0.065278
0 0.816797 0.661111 0.030469 0.030556
0 0.667188 0.521528 0.110937 0.120833
0 0.799219 0.564583 0.150000 0.181944
0 0.720312 0.609722 0.021875 0.036111
0 0.878516 0.601389 0.036719 0.041667
0 0.886328 0.646528 0.032031 0.079167
0 0.792578 0.868056 0.096094 0.100000
0 0.748828 0.820139 0.039844 0.065278
0 0.736719 0.954861 0.135937 0.090278
0 0.640234 0.960417 0.083594 0.079167
0 0.560938 0.724306 0.053125 0.095833
0 0.504297 0.736111 0.077344 0.102778
0 0.432422 0.761806 0.072656 0.115278
0 0.277734 0.881944 0.036719 0.083333
0 0.365234 0.963194 0.127344 0.076389
0 0.717188 0.829167 0.029687 0.058333
0 0.712500 0.884028 0.089062 0.073611
0 0.669922 0.827083 0.061719 0.062500
0 0.651563 0.777083 0.062500 0.056944
0 0.485938 0.981944 0.035937 0.036111
0 0.560156 0.984722 0.042188 0.030556
0 0.565625 0.946528 0.051562 0.076389
0 0.521875 0.949306 0.045313 0.079167
0 0.356641 0.871528 0.030469 0.084722
0 0.465625 0.955556 0.084375 0.088889
0 0.453125 0.857639 0.171875 0.162500
0 0.592969 0.803472 0.106250 0.095833
0 0.601563 0.900000 0.135937 0.091667
