1 0.476118 1.114417 0.036719 0.026389
0 0.644922 0.602778 0.089844 0.086111
0 0.191797 0.809722 0.050781 0.094444
0 0.173047 0.879167 0.022656 0.027778
0 0.450000 0.674306 0.017188 0.034722
0 0.037500 0.957639 0.075000 0.073611
0 0.071484 0.988889 0.038281 0.022222
0 0.023438 0.868750 0.046875 0.098611
0 0.472266 0.900694 0.089844 0.131944
0 0.537109 0.956944 0.041406 0.069444
0 0.492969 0.685417 0.021875 0.031944
0 0.567187 0.639583 0.103125 0.123611
0 0.105078 0.898611 0.067969 0.069444
0 0.066406 0.770139 0.059375 0.062500
0 0.080859 0.731250 0.161719 0.059722
0 0.129297 0.693750 0.019531 0.029167
0 0.111328 0.795833 0.072656 0.077778
0 0.103906 0.843750 0.110937 0.062500
0 0.442969 0.724306 0.054688 0.076389
0 0.622266 0.940972 0.130469 0.118056
0 0.699609 0.959028 0.027344 0.070833
0 0.322656 0.695139 0.059375 0.043056
0 0.309766 0.647917 0.013281 0.029167
0 0.326172 0.655556 0.014844 0.038889
0 0.191406 0.741667 0.067188 0.069444
0 0.152734 0.983333 0.024219 0.033333
0 0.263672 0.727778 0.049219 0.058333
0 0.418750 0.640278 0.021875 0.022222
0 0.316797 0.945833 0.064844 0.075000
0 0.518359 0.714583 0.049219 0.070833
0 0.503125 0.794444 0.034375 0.044444
0 0.657031 0.701389 0.048437 0.052778
0 0.735937 0.805556 0.143750 0.091667
0 0.708203 0.886111 0.053906 0.080556
0 0.536719 0.813194 0.039063 0.112500
0 0.563672 0.701389 0.036719 0.030556
0 0.573438 0.797222 0.048437 0.133333
0 0.632031 0.713194 0.023438 0.040278
0 0.620313 0.747917 0.065625 0.079167
0 0.639453 0.835417 0.097656 0.104167
0 0.673828 0.752083 0.055469 0.059722
0 0.492188 0.660417 0.029687 0.048611
0 0.514844 0.652778 0.015625 0.041667
0 0.058594 0.640972 0.115625 0.120833
0 0.142578 0.620139 0.058594 0.109722
0 0.207813 0.636111 0.068750 0.152778
0 0.177344 0.694444 0.026563 0.019444
0 0.261328 0.620139 0.038281 0.134722
0 0.411328 0.660417 0.028906 0.031944
0 0.403906 0.687500 0.053125 0.052778
0 0.365234 0.693750 0.030469 0.065278
0 0.479297 0.606250 0.077344 0.093056
0 0.409766 0.563194 0.167969 0.056944
0 0.301953 0.606250 0.041406 0.115278
0 0.343750 0.615972 0.040625 0.093056
0 0.373437 0.626389 0.018750 0.041667
0 0.386328 0.607639 0.016406 0.048611
0 0.418359 0.599306 0.036719 0.054167
