0 0.509766 0.682639 0.046094 0.040278
0 0.389844 0.852083 0.032812 0.045833
0 0.439844 0.840278 0.023438 0.038889
0 0.329297 0.866667 0.032031 0.069444
0 0.353125 0.872222 0.028125 0.086111
0 0.246484 0.828472 0.038281 0.087500
0 0.263281 0.940972 0.021875 0.048611
0 0.220313 0.922222 0.068750 0.075000
0 0.229297 0.584028 0.014844 0.023611
0 0.175781 0.628472 0.040625 0.037500
0 0.142578 0.670139 0.038281 0.040278
0 0.577344 0.724306 0.031250 0.040278
0 0.605859 0.738194 0.024219 0.043056
0 0.507813 0.920833 0.043750 0.072222
0 0.687500 0.731250 0.020312 0.054167
0 0.603516 0.584722 0.017969 0.036111
0 0.448047 0.915972 0.046094 0.056944
0 0.456250 0.880556 0.028125 0.055556
0 0.400000 0.900000 0.040625 0.058333
0 0.382422 0.948611 0.038281 0.041667
0 0.570703 0.942361 0.025781 0.029167
0 0.623047 0.938889 0.021094 0.047222
0 0.718359 0.929861 0.039844 0.079167
0 0.753516 0.927778 0.025781 0.063889
0 0.671875 0.791667 0.018750 0.033333
0 0.639063 0.795139 0.025000 0.048611
0 0.541406 0.801389 0.032812 0.052778
0 0.541406 0.868056 0.021875 0.047222
0 0.605469 0.787500 0.032812 0.044444
0 0.578516 0.859028 0.028906 0.034722
0 0.610156 0.858333 0.028125 0.050000
0 0.576563 0.813889 0.056250 0.063889
0 0.681250 0.920139 0.031250 0.073611
0 0.646484 0.835417 0.046094 0.031944
0 0.646875 0.877083 0.034375 0.079167
0 0.060938 0.701389 0.050000 0.069444
0 0.134375 0.863194 0.035937 0.056944
0 0.181250 0.850000 0.032812 0.058333
0 0.054688 0.814583 0.039063 0.048611
0 0.544922 0.580556 0.019531 0.044444
0 0.572656 0.597222 0.029687 0.036111
0 0.606250 0.670833 0.031250 0.058333
0 0.872656 0.939583 0.034375 0.045833
0 0.781250 0.795833 0.023438 0.038889
0 0.623047 0.651389 0.016406 0.027778
0 0.637109 0.682639 0.019531 0.045833
0 0.207422 0.820833 0.032031 0.047222
0 0.134375 0.945833 0.028125 0.041667
0 0.312500 0.629167 0.032812 0.030556
0 0.226172 0.702083 0.038281 0.037500
0 0.768750 0.851389 0.037500 0.047222
0 0.092578 0.873611 0.042969 0.072222
0 0.085547 0.748611 0.060156 0.080556
0 0.025391 0.784028 0.050781 0.098611
0 0.034766 0.860417 0.069531 0.062500
0 0.067188 0.931250 0.134375 0.056944
0 0.512500 0.584722 0.017188 0.036111
0 0.717969 0.605556 0.029687 0.027778
0 0.465234 0.588889 0.024219 0.036111
0 0.813672 0.915972 0.077344 0.093056
0 0.704297 0.544444 0.021094 0.030556
0 0.016406 0.680556 0.032812 0.041667
0 0.726563 0.840278 0.045313 0.077778
0 0.647266 0.747222 0.046094 0.061111
0 0.724219 0.775000 0.034375 0.055556
0 0.769141 0.758333 0.053906 0.041667
0 0.199219 0.554167 0.034375 0.038889
0 0.267188 0.598611 0.020312 0.030556
0 0.273047 0.629167 0.057031 0.055556
0 0.230469 0.642361 0.025000 0.054167
0 0.182031 0.672917 0.037500 0.040278
0 0.208203 0.673611 0.028906 0.061111
0 0.164453 0.722222 0.077344 0.063889
0 0.160547 0.781944 0.072656 0.080556
0 0.316797 0.559028 0.036719 0.037500
0 0.271875 0.556250 0.064062 0.056944
0 0.116797 0.615972 0.046094 0.029167
0 0.031250 0.604167 0.062500 0.119444
0 0.077734 0.574306 0.039844 0.029167
0 0.080078 0.627778 0.041406 0.052778
0 0.158594 0.576389 0.053125 0.052778
0 0.206641 0.506944 0.110156 0.069444
0 0.103906 0.521528 0.090625 0.087500
0 0.386328 0.577083 0.024219 0.037500
0 0.748828 0.694444 0.025781 0.044444
0 0.722656 0.708333 0.026563 0.075000
0 0.694531 0.678472 0.029687 0.043056
0 0.688281 0.486111 0.056250 0.072222
0 0.713672 0.650000 0.027344 0.044444
0 0.489453 0.587500 0.024219 0.050000
0 0.679297 0.629167 0.058594 0.105556
0 0.627734 0.618056 0.055469 0.055556
0 0.653125 0.553472 0.071875 0.073611
0 0.440625 0.567361 0.029687 0.056944
0 0.597656 0.482639 0.087500 0.073611
0 0.593750 0.537500 0.048437 0.041667
0 0.541406 0.540972 0.025000 0.031944
0 0.517187 0.550694 0.023438 0.031944
0 0.295312 0.465278 0.048437 0.127778
0 0.375000 0.486806 0.107813 0.156944
0 0.467187 0.502083 0.090625 0.087500
0 0.531641 0.503472 0.042969 0.062500
