1 0.492400 1.015141 0.036719 0.026389
0 0.314844 0.748611 0.046875 0.072222
0 0.201953 0.824306 0.042969 0.059722
0 0.533984 0.803472 0.030469 0.043056
0 0.501562 0.803472 0.029687 0.051389
0 0.475781 0.833333 0.045313 0.061111
0 0.510547 0.884028 0.044531 0.059722
0 0.346094 0.887500 0.035937 0.083333
0 0.323047 0.855556 0.058594 0.063889
0 0.271484 0.896528 0.077344 0.098611
0 0.117188 0.981250 0.062500 0.037500
0 0.032812 0.932639 0.065625 0.081944
0 0.651172 0.534028 0.078906 0.043056
0 0.614062 0.870139 0.032812 0.059722
0 0.148047 0.671528 0.061719 0.095833
0 0.063281 0.712500 0.098438 0.086111
0 0.508203 0.649306 0.022656 0.040278
0 0.017578 0.784722 0.035156 0.047222
0 0.064453 0.822917 0.128906 0.151389
0 0.148828 0.894444 0.083594 0.113889
0 0.094922 0.953472 0.058594 0.065278
0 0.417969 0.925694 0.071875 0.148611
0 0.466406 0.918750 0.059375 0.051389
0 0.813281 0.676389 0.067188 0.050000
0 0.440625 0.576389 0.012500 0.033333
0 0.489844 0.585417 0.015625 0.020833
0 0.443750 0.603472 0.062500 0.056944
0 0.165625 0.607639 0.068750 0.040278
0 0.498828 0.726389 0.067969 0.102778
0 0.565234 0.764583 0.057031 0.051389
0 0.311328 0.584028 0.058594 0.034722
0 0.026563 0.565972 0.051562 0.148611
0 0.088281 0.521528 0.075000 0.084722
0 0.076172 0.593750 0.057031 0.056944
0 0.122656 0.623611 0.043750 0.033333
0 0.074609 0.642361 0.058594 0.040278
0 0.039063 0.670833 0.078125 0.063889
0 0.492578 0.981250 0.028906 0.037500
0 0.527734 0.959028 0.039844 0.081944
0 0.586719 0.954861 0.075000 0.090278
0 0.855859 0.929167 0.163281 0.141667
0 0.959766 0.981944 0.058594 0.036111
0 0.968359 0.918056 0.061719 0.080556
0 0.673828 0.952778 0.100781 0.094444
0 0.757031 0.984028 0.037500 0.031944
0 0.748438 0.875694 0.053125 0.118056
0 0.167578 0.540972 0.089844 0.109722
0 0.244531 0.535417 0.065625 0.090278
0 0.251172 0.594444 0.035156 0.058333
0 0.223047 0.605556 0.024219 0.033333
0 0.312891 0.539583 0.067969 0.051389
0 0.313672 0.494444 0.066406 0.027778
0 0.382422 0.581944 0.082031 0.044444
0 0.438281 0.517361 0.182812 0.087500
0 0.571875 0.557639 0.107813 0.073611
0 0.532422 0.606944 0.074219 0.041667
0 0.555078 0.661806 0.061719 0.090278
0 0.617188 0.809028 0.048437 0.048611
0 0.683594 0.694444 0.195313 0.202778
0 0.678516 0.847222 0.121094 0.127778
