0 0.357031 0.842361 0.057813 0.068056
0 0.272266 0.931250 0.052344 0.051389
0 0.342187 0.963194 0.078125 0.073611
0 0.219531 0.769444 0.018750 0.030556
0 0.136328 0.873611 0.030469 0.050000
0 0.070703 0.708333 0.024219 0.025000
0 0.480469 0.591667 0.020312 0.027778
0 0.156641 0.920139 0.125781 0.137500
0 0.094141 0.847917 0.075781 0.079167
0 0.026563 0.895139 0.053125 0.118056
0 0.525391 0.889583 0.063281 0.048611
0 0.486328 0.931944 0.030469 0.080556
0 0.520312 0.988889 0.035937 0.022222
0 0.433203 0.986111 0.049219 0.027778
0 0.234375 0.975000 0.048437 0.050000
0 0.234375 0.721528 0.050000 0.070833
0 0.239844 0.656944 0.056250 0.044444
0 0.017578 0.589583 0.035156 0.073611
0 0.050000 0.570833 0.029687 0.080556
0 0.089062 0.576389 0.045313 0.094444
0 0.575391 0.837500 0.038281 0.052778
0 0.512109 0.832639 0.038281 0.043056
0 0.636719 0.957639 0.078125 0.084722
0 0.523438 0.604167 0.018750 0.025000
0 0.047266 0.789583 0.094531 0.056944
0 0.161719 0.789583 0.057813 0.043056
0 0.696094 0.925000 0.034375 0.072222
0 0.682031 0.515972 0.079687 0.048611
0 0.535156 0.693056 0.034375 0.038889
0 0.034766 0.668056 0.069531 0.069444
0 0.052734 0.741667 0.105469 0.027778
0 0.015234 0.713889 0.030469 0.033333
0 0.473828 0.636111 0.053906 0.072222
0 0.118750 0.685417 0.053125 0.048611
0 0.140234 0.748611 0.061719 0.047222
0 0.156250 0.707639 0.064062 0.056944
0 0.203125 0.679861 0.029687 0.031944
0 0.358203 0.613194 0.058594 0.037500
0 0.175391 0.620139 0.013281 0.018056
0 0.135937 0.645833 0.132813 0.055556
0 0.303516 0.644444 0.044531 0.069444
0 0.823047 0.704861 0.088281 0.095833
0 0.184766 0.750000 0.035156 0.055556
0 0.694141 0.613889 0.049219 0.044444
0 0.144922 0.569444 0.069531 0.091667
0 0.228516 0.569444 0.096094 0.125000
0 0.302734 0.552083 0.049219 0.093056
0 0.344531 0.500694 0.037500 0.045833
0 0.443359 0.565972 0.019531 0.029167
0 0.527734 0.761806 0.057031 0.062500
0 0.518359 0.806250 0.083594 0.056944
0 0.785547 0.984722 0.216406 0.022222
0 0.761719 0.956250 0.104687 0.031944
0 0.661719 0.765278 0.132813 0.311111
0 0.751172 0.748611 0.061719 0.227778
0 0.573828 0.713194 0.049219 0.115278
0 0.545313 0.647222 0.043750 0.075000
0 0.574609 0.620833 0.030469 0.027778
0 0.620703 0.565972 0.067969 0.079167
0 0.567969 0.556944 0.034375 0.072222
0 0.530859 0.575694 0.047656 0.040278
0 0.444531 0.581250 0.029687 0.029167
0 0.445313 0.610417 0.010937 0.020833
0 0.384766 0.618750 0.000781 0.040278
0 0.418750 0.611806 0.064062 0.045833
0 0.460156 0.516667 0.187500 0.108333
0 0.387891 0.568056 0.075781 0.030556
0 0.342187 0.556250 0.048437 0.073611
