0 0.501172 0.653472 0.022656 0.051389
0 0.544531 0.738889 0.056250 0.063889
0 0.389844 0.812500 0.043750 0.044444
0 0.694141 0.452778 0.019531 0.019444
0 0.214844 0.645139 0.023438 0.034722
0 0.180859 0.657639 0.030469 0.043056
0 0.124609 0.677083 0.039844 0.048611
0 0.319141 0.836111 0.060156 0.066667
0 0.028906 0.821528 0.057813 0.051389
0 0.283203 0.742361 0.044531 0.079167
0 0.283594 0.695139 0.026563 0.051389
0 0.238281 0.704167 0.051562 0.080556
0 0.206250 0.806250 0.037500 0.056944
0 0.194922 0.743750 0.038281 0.079167
0 0.148438 0.765278 0.051562 0.086111
0 0.104687 0.829167 0.042188 0.113889
0 0.042188 0.887500 0.079687 0.075000
0 0.495703 0.543750 0.035156 0.045833
0 0.060938 0.715972 0.048437 0.101389
0 0.018359 0.740972 0.036719 0.087500
0 0.379297 0.865278 0.066406 0.061111
0 0.252344 0.843750 0.059375 0.062500
0 0.205469 0.885417 0.048437 0.079167
0 0.046484 0.479167 0.092969 0.094444
0 0.157813 0.609722 0.021875 0.038889
0 0.466016 0.806250 0.052344 0.118056
0 0.521875 0.809028 0.071875 0.065278
0 0.526563 0.588194 0.045313 0.037500
0 0.533203 0.618056 0.044531 0.027778
0 0.337891 0.501389 0.041406 0.027778
0 0.022266 0.618750 0.044531 0.045833
0 0.572266 0.834722 0.038281 0.063889
0 0.536719 0.852083 0.034375 0.059722
0 0.647266 0.794444 0.052344 0.055556
0 0.678516 0.842361 0.167969 0.065278
0 0.839063 0.884722 0.103125 0.063889
0 0.148828 0.946528 0.057031 0.098611
0 0.322656 0.933333 0.040625 0.080556
0 0.339844 0.967361 0.059375 0.065278
0 0.417578 0.929167 0.094531 0.141667
0 0.544141 0.934028 0.158594 0.131944
0 0.706641 0.934722 0.163281 0.130556
0 0.826953 0.953472 0.082031 0.070833
0 0.959766 0.918750 0.078906 0.070833
0 0.896484 0.948611 0.063281 0.086111
0 0.959766 0.824306 0.078906 0.115278
0 0.899219 0.813194 0.035937 0.120833
0 0.820703 0.790972 0.113281 0.126389
0 0.727344 0.758333 0.090625 0.086111
0 0.023438 0.561806 0.046875 0.062500
0 0.154687 0.543750 0.051562 0.040278
0 0.097656 0.612500 0.082813 0.052778
0 0.023438 0.665972 0.046875 0.054167
0 0.089844 0.636806 0.081250 0.043056
0 0.586719 0.656944 0.031250 0.050000
0 0.608594 0.708333 0.050000 0.058333
0 0.139453 0.456250 0.096094 0.112500
0 0.089062 0.536111 0.081250 0.050000
0 0.088281 0.569444 0.073437 0.047222
0 0.742578 0.667361 0.091406 0.098611
0 0.776563 0.522222 0.087500 0.111111
0 0.755078 0.593750 0.064844 0.056944
0 0.229297 0.559028 0.049219 0.068056
0 0.191797 0.584028 0.050781 0.056944
0 0.225391 0.468750 0.078906 0.120833
0 0.298828 0.518750 0.036719 0.054167
0 0.268750 0.542361 0.034375 0.043056
0 0.300391 0.453472 0.067969 0.106944
0 0.380469 0.504861 0.039063 0.051389
0 0.533203 0.401389 0.047656 0.025000
0 0.389844 0.427083 0.115625 0.118056
0 0.423828 0.487500 0.046094 0.055556
0 0.457812 0.508333 0.034375 0.080556
0 0.498437 0.502778 0.051562 0.036111
0 0.478906 0.427778 0.064062 0.091667
0 0.576953 0.442361 0.130469 0.073611
0 0.623047 0.627778 0.060156 0.047222
0 0.660156 0.730556 0.050000 0.052778
0 0.660156 0.671528 0.070313 0.073611
0 0.571875 0.492361 0.085938 0.040278
0 0.576172 0.519444 0.019531 0.044444
0 0.555469 0.528472 0.028125 0.045833
0 0.534766 0.563194 0.033594 0.029167
0 0.570703 0.581944 0.033594 0.072222
0 0.635938 0.481250 0.034375 0.031944
0 0.675000 0.553472 0.110937 0.151389
0 0.602344 0.546528 0.037500 0.098611
0 0.660937 0.469444 0.018750 0.041667
