0 0.325391 0.863889 0.025781 0.072222
0 0.494141 0.502778 0.024219 0.055556
0 0.524219 0.471528 0.020312 0.056944
0 0.282813 0.775000 0.032812 0.050000
0 0.461328 0.746528 0.038281 0.054167
0 0.187109 0.839583 0.049219 0.051389
0 0.104687 0.790278 0.056250 0.058333
0 0.943750 0.658333 0.067188 0.044444
0 0.919531 0.532639 0.043750 0.040278
0 0.138672 0.869444 0.049219 0.077778
0 0.385938 0.877083 0.060938 0.051389
0 0.546875 0.919444 0.025000 0.050000
0 0.612500 0.571528 0.017188 0.023611
0 0.810547 0.854861 0.027344 0.040278
0 0.819531 0.588194 0.026563 0.043056
0 0.694141 0.615278 0.047656 0.041667
0 0.598047 0.714583 0.052344 0.043056
0 0.270703 0.640972 0.000781 0.001389
0 0.283594 0.668750 0.028125 0.056944
0 0.258203 0.705556 0.046094 0.086111
0 0.203516 0.731944 0.061719 0.088889
0 0.174219 0.360417 0.098438 0.076389
0 0.759766 0.396528 0.041406 0.045833
0 0.836328 0.446528 0.075781 0.076389
0 0.791406 0.418750 0.023438 0.051389
0 0.632813 0.627083 0.046875 0.068056
0 0.641797 0.559028 0.033594 0.034722
0 0.656641 0.586806 0.032031 0.045833
0 0.363672 0.667361 0.000781 0.040278
0 0.337891 0.720833 0.033594 0.069444
0 0.374219 0.684028 0.043750 0.084722
0 0.399219 0.815278 0.056250 0.052778
0 0.611328 0.759028 0.032031 0.045833
0 0.584766 0.770139 0.027344 0.084722
0 0.989844 0.745139 0.018750 0.034722
0 0.991016 0.563194 0.016406 0.040278
0 0.899219 0.613889 0.042188 0.027778
0 0.862500 0.618056 0.021875 0.036111
0 0.884375 0.638889 0.020312 0.033333
0 0.800000 0.682639 0.017188 0.037500
0 0.745313 0.454167 0.026563 0.027778
0 0.364062 0.978472 0.023438 0.043056
0 0.391797 0.969444 0.027344 0.061111
0 0.425391 0.970833 0.036719 0.058333
0 0.322656 0.587500 0.048437 0.044444
0 0.026563 0.608333 0.060938 0.161111
0 0.964063 0.938194 0.070313 0.123611
0 0.696484 0.516667 0.049219 0.088889
0 0.668359 0.492361 0.024219 0.037500
0 0.760547 0.552778 0.058594 0.044444
0 0.846094 0.525694 0.093750 0.051389
0 0.758203 0.500000 0.058594 0.075000
0 0.203906 0.917361 0.085938 0.120833
0 0.257031 0.972917 0.068750 0.054167
0 0.493750 0.445833 0.040625 0.038889
0 0.883594 0.884028 0.084375 0.109722
0 0.747266 0.734028 0.047656 0.054167
0 0.659375 0.720139 0.048437 0.065278
0 0.683594 0.684722 0.032812 0.047222
0 0.686328 0.650000 0.021094 0.047222
0 0.716016 0.658333 0.036719 0.044444
0 0.626172 0.509722 0.019531 0.038889
0 0.057031 0.890972 0.112500 0.218056
0 0.135547 0.949306 0.057031 0.101389
0 0.015625 0.734722 0.031250 0.083333
0 0.395703 0.453472 0.063281 0.040278
0 0.521875 0.800000 0.098438 0.105556
0 0.784766 0.704167 0.066406 0.063889
0 0.682031 0.429167 0.112500 0.100000
0 0.627344 0.417361 0.025000 0.045833
0 0.098438 0.624306 0.110937 0.265278
0 0.403125 0.761111 0.092188 0.072222
0 0.456641 0.814583 0.050781 0.087500
0 0.482812 0.906944 0.075000 0.088889
0 0.527734 0.969444 0.089844 0.061111
0 0.959375 0.803472 0.065625 0.059722
0 0.877344 0.743750 0.040625 0.054167
0 0.618359 0.827083 0.039844 0.087500
0 0.603906 0.918056 0.051562 0.088889
0 0.602344 0.964583 0.054688 0.070833
0 0.842188 0.956944 0.200000 0.086111
0 0.707031 0.802083 0.076563 0.068056
0 0.767187 0.861111 0.081250 0.077778
0 0.685547 0.897917 0.024219 0.001389
0 0.683203 0.954861 0.119531 0.090278
0 0.710547 0.900694 0.000781 0.018056
0 0.712500 0.835417 0.003125 0.009722
0 0.682422 0.846528 0.089844 0.118056
0 0.838281 0.789583 0.189063 0.090278
0 0.770703 0.625000 0.097656 0.088889
0 0.834375 0.634028 0.023438 0.054167
0 0.869141 0.681944 0.057031 0.061111
0 0.937500 0.724306 0.048437 0.079167
0 0.226953 0.568056 0.146094 0.180556
0 0.347266 0.401389 0.246094 0.100000
0 0.282813 0.465278 0.142188 0.061111
0 0.378906 0.489583 0.092188 0.037500
0 0.342187 0.531250 0.092188 0.048611
0 0.495313 0.393750 0.050000 0.045833
0 0.551953 0.400000 0.066406 0.063889
0 0.601563 0.418056 0.032812 0.061111
0 0.554297 0.452778 0.042969 0.041667
0 0.611328 0.463889 0.036719 0.041667
0 0.578125 0.464583 0.020312 0.040278
0 0.597656 0.495139 0.037500 0.048611
