0 0.679297 0.570833 0.092969 0.163889
0 0.190625 0.720833 0.185937 0.105556
0 0.075000 0.819444 0.148438 0.177778
0 0.050781 0.648611 0.101563 0.169444
0 0.133594 0.513889 0.151562 0.147222
0 0.027734 0.457639 0.055469 0.095833
0 0.955469 0.490278 0.087500 0.091667
0 0.937891 0.695833 0.122656 0.108333
0 0.122266 0.351389 0.121094 0.147222
0 0.032422 0.306250 0.064844 0.093056
0 0.049219 0.131944 0.098438 0.075000
0 0.055859 0.214583 0.111719 0.112500
0 0.896875 0.582639 0.098438 0.112500
0 0.850000 0.506250 0.118750 0.062500
0 0.351172 0.713889 0.072656 0.080556
0 0.493750 0.722917 0.104687 0.198611
0 0.425781 0.858333 0.217187 0.211111
0 0.450000 0.576389 0.217187 0.172222
0 0.516797 0.497222 0.111719 0.075000
0 0.574609 0.453472 0.047656 0.129167
0 0.473047 0.423611 0.094531 0.088889
0 0.278906 0.353472 0.129688 0.115278
0 0.397266 0.366667 0.060156 0.072222
0 0.329297 0.447917 0.157031 0.106944
0 0.860547 0.441667 0.124219 0.075000
0 0.509766 0.335417 0.061719 0.056944
0 0.566016 0.368750 0.064844 0.056944
0 0.825391 0.393056 0.150781 0.055556
0 0.704687 0.427083 0.128125 0.081944
0 0.704297 0.365972 0.058594 0.040278
0 0.646875 0.370139 0.040625 0.056944
0 0.618750 0.409722 0.043750 0.083333
0 0.947266 0.383333 0.103906 0.088889
0 0.634375 0.270833 0.064062 0.125000
0 0.687891 0.250000 0.052344 0.058333
0 0.729297 0.300000 0.113281 0.072222
0 0.824609 0.347917 0.047656 0.062500
0 0.875000 0.315972 0.093750 0.062500
0 0.804688 0.295139 0.032812 0.068056
0 0.910547 0.218750 0.175781 0.120833
0 0.780078 0.202083 0.088281 0.140278
0 0.698828 0.198611 0.071094 0.080556
0 0.661719 0.139583 0.139062 0.081944
0 0.621484 0.184028 0.058594 0.029167
0 0.423828 0.136806 0.330469 0.140278
0 0.179297 0.136111 0.157031 0.088889
0 0.187109 0.201389 0.155469 0.036111
