0 0.334766 0.298611 0.044531 0.080556
0 0.452734 0.386806 0.033594 0.062500
0 0.426953 0.346528 0.024219 0.068056
0 0.833594 0.823611 0.320313 0.277778
0 0.078516 0.294444 0.157031 0.122222
0 0.216797 0.246528 0.044531 0.068056
0 0.517578 0.352083 0.050781 0.090278
0 0.580078 0.348611 0.067969 0.097222
0 0.354688 0.418750 0.090625 0.101389
0 0.942187 0.486806 0.115625 0.179167
0 0.321875 0.191667 0.031250 0.058333
0 0.343359 0.249306 0.039844 0.054167
0 0.551953 0.519444 0.119531 0.113889
0 0.444922 0.472917 0.088281 0.179167
0 0.068359 0.452778 0.141406 0.172222
0 0.213672 0.345833 0.161719 0.138889
0 0.207813 0.443750 0.090625 0.120833
0 0.523047 0.175000 0.105469 0.044444
0 0.152734 0.167361 0.305469 0.126389
0 0.389062 0.152778 0.153125 0.111111
0 0.436719 0.228472 0.148438 0.101389
0 0.466016 0.292361 0.099219 0.054167
0 0.515625 0.267361 0.039063 0.079167
0 0.689062 0.165278 0.226563 0.055556
0 0.839453 0.161806 0.094531 0.093056
0 0.902734 0.146528 0.042969 0.073611
0 0.961328 0.148611 0.075781 0.133333
0 0.028906 0.619444 0.057813 0.158333
0 0.614844 0.935417 0.104687 0.129167
0 0.108203 0.608333 0.108594 0.216667
0 0.474609 0.638194 0.041406 0.084722
0 0.604688 0.798611 0.096875 0.180556
0 0.633203 0.227083 0.035156 0.051389
0 0.142969 0.421528 0.070313 0.090278
0 0.283594 0.863194 0.557813 0.273611
0 0.285937 0.729861 0.171875 0.143056
0 0.851953 0.579167 0.094531 0.141667
0 0.934375 0.694444 0.129688 0.200000
0 0.566016 0.263194 0.067969 0.101389
0 0.609766 0.236806 0.027344 0.068056
0 0.699219 0.244444 0.132813 0.069444
0 0.816406 0.245833 0.095312 0.083333
0 0.897656 0.233333 0.056250 0.063889
0 0.957422 0.308333 0.083594 0.177778
0 0.790234 0.447917 0.119531 0.120833
0 0.853516 0.406944 0.075781 0.119444
0 0.833984 0.328472 0.163281 0.129167
0 0.673828 0.303472 0.158594 0.101389
0 0.386328 0.629861 0.142969 0.223611
0 0.271094 0.592361 0.234375 0.287500
0 0.712500 0.645833 0.212500 0.152778
0 0.611328 0.450000 0.071094 0.113889
0 0.672266 0.403472 0.064844 0.090278
0 0.726953 0.370833 0.052344 0.075000
0 0.683984 0.468750 0.091406 0.104167
0 0.753516 0.550694 0.121094 0.098611
0 0.548828 0.666667 0.102344 0.141667
0 0.602344 0.577778 0.078125 0.097222
