0 0.788281 0.215972 0.056250 0.087500
0 0.066016 0.404167 0.132031 0.088889
0 0.315625 0.258333 0.303125 0.061111
0 0.078906 0.280556 0.157813 0.152778
0 0.227344 0.390278 0.214062 0.152778
0 0.407422 0.338194 0.114844 0.062500
0 0.434375 0.393750 0.198437 0.109722
0 0.584375 0.421528 0.068750 0.059722
0 0.445703 0.303472 0.032031 0.029167
0 0.490625 0.281250 0.048437 0.040278
0 0.514844 0.252778 0.021875 0.041667
0 0.964063 0.264583 0.070313 0.081944
0 0.958203 0.330556 0.082031 0.075000
0 0.766016 0.377083 0.358594 0.126389
0 0.522266 0.320833 0.091406 0.038889
0 0.561328 0.384028 0.052344 0.087500
0 0.900000 0.263889 0.051562 0.100000
0 0.815234 0.256250 0.036719 0.040278
0 0.560156 0.279861 0.081250 0.095833
0 0.732422 0.322917 0.044531 0.001389
0 0.737891 0.284028 0.272656 0.059722
0 0.694922 0.251389 0.083594 0.038889
