0 0.515625 0.496528 0.031250 0.043056
0 0.462891 0.480556 0.022656 0.038889
0 0.324609 0.504167 0.044531 0.041667
0 0.507031 0.743056 0.056250 0.066667
0 0.546875 0.809028 0.059375 0.073611
0 0.414063 0.826389 0.053125 0.066667
0 0.852344 0.538194 0.040625 0.051389
0 0.732813 0.778472 0.042188 0.081944
0 0.837109 0.875694 0.121094 0.115278
0 0.548437 0.954861 0.037500 0.090278
0 0.135547 0.974306 0.096094 0.051389
0 0.983203 0.687500 0.032031 0.069444
0 0.111719 0.827778 0.051562 0.061111
0 0.054297 0.929861 0.077344 0.140278
0 0.305078 0.775694 0.047656 0.076389
0 0.329297 0.847917 0.080469 0.090278
0 0.352344 0.767361 0.043750 0.104167
0 0.341797 0.950694 0.064844 0.070833
0 0.391797 0.895833 0.035156 0.055556
0 0.594141 0.472917 0.042969 0.037500
0 0.223828 0.843056 0.088281 0.080556
0 0.233984 0.774306 0.067969 0.054167
0 0.226953 0.722222 0.049219 0.061111
0 0.480859 0.902778 0.067969 0.113889
0 0.136719 0.747222 0.085938 0.075000
0 0.042969 0.759028 0.085938 0.109722
0 0.010937 0.842361 0.021875 0.031944
0 0.014453 0.877778 0.025781 0.061111
0 0.742188 0.950000 0.084375 0.058333
0 0.723828 0.870833 0.092969 0.080556
0 0.680078 0.919444 0.036719 0.097222
0 0.626953 0.911806 0.058594 0.084722
0 0.642187 0.825694 0.057813 0.073611
0 0.587891 0.845139 0.047656 0.095833
0 0.948438 0.832639 0.101563 0.212500
0 0.953516 0.972917 0.091406 0.054167
0 0.672266 0.543750 0.024219 0.040278
0 0.615625 0.602083 0.073437 0.043056
0 0.603125 0.662500 0.040625 0.072222
0 0.697266 0.652778 0.028906 0.041667
0 0.647656 0.664583 0.054688 0.045833
0 0.675391 0.706944 0.057031 0.069444
0 0.628906 0.726389 0.032812 0.061111
0 0.758984 0.714583 0.074219 0.095833
0 0.828906 0.772917 0.065625 0.059722
0 0.889453 0.751389 0.000781 0.002778
0 0.867969 0.711111 0.051562 0.063889
0 0.924609 0.698611 0.083594 0.080556
0 0.012500 0.608333 0.025000 0.100000
0 0.123828 0.642361 0.171094 0.134722
0 0.038672 0.516667 0.077344 0.072222
0 0.076172 0.447222 0.149219 0.088889
0 0.164063 0.428472 0.029687 0.056944
0 0.181641 0.477778 0.041406 0.058333
0 0.370703 0.475694 0.033594 0.031944
0 0.426172 0.477083 0.041406 0.034722
0 0.211719 0.545833 0.207813 0.050000
0 0.230469 0.486806 0.053125 0.076389
0 0.804688 0.648611 0.131250 0.075000
0 0.706250 0.582639 0.050000 0.056944
0 0.724219 0.620139 0.018750 0.043056
0 0.896875 0.613194 0.084375 0.076389
0 0.824219 0.590278 0.060938 0.052778
0 0.784766 0.553472 0.085156 0.065278
0 0.750391 0.510417 0.077344 0.051389
0 0.716797 0.540278 0.033594 0.058333
0 0.654297 0.508333 0.058594 0.055556
0 0.167969 0.372917 0.034375 0.051389
0 0.243359 0.415278 0.119531 0.125000
0 0.397266 0.404167 0.185156 0.113889
0 0.535937 0.415278 0.089062 0.094444
0 0.553906 0.367361 0.015625 0.065278
0 0.704687 0.475694 0.142188 0.048611
0 0.677734 0.426389 0.128906 0.069444
0 0.629297 0.370139 0.130469 0.112500
