0 0.036719 0.477778 0.073437 0.186111
0 0.265234 0.653472 0.160156 0.231944
0 0.463281 0.602083 0.103125 0.176389
0 0.508203 0.541667 0.085156 0.183333
0 0.608984 0.454861 0.124219 0.106944
0 0.288281 0.529167 0.207813 0.150000
0 0.784766 0.381944 0.130469 0.102778
0 0.659375 0.337500 0.068750 0.100000
0 0.061328 0.338194 0.122656 0.123611
0 0.571875 0.208333 0.073437 0.038889
0 0.495313 0.266667 0.084375 0.066667
0 0.131250 0.146528 0.270312 0.084722
0 0.077344 0.238889 0.154687 0.088889
0 0.278516 0.243750 0.094531 0.093056
0 0.225391 0.283333 0.136719 0.077778
0 0.258203 0.327778 0.142969 0.105556
0 0.267969 0.406250 0.209375 0.120833
0 0.395703 0.422222 0.055469 0.130556
0 0.382422 0.276389 0.108594 0.102778
0 0.448438 0.352778 0.085938 0.086111
0 0.480859 0.311806 0.075781 0.093056
0 0.442187 0.182639 0.001563 0.001389
0 0.472266 0.154167 0.407031 0.080556
0 0.597266 0.288889 0.067969 0.086111
0 0.801953 0.163889 0.263281 0.113889
0 0.920703 0.143750 0.000781 0.001389
0 0.960547 0.175694 0.078906 0.073611
0 0.655469 0.241667 0.068750 0.072222
0 0.712500 0.281944 0.085938 0.061111
0 0.745313 0.236111 0.112500 0.044444
0 0.814062 0.304861 0.142188 0.056944
0 0.921094 0.345833 0.157813 0.100000
0 0.975781 0.259028 0.048437 0.073611
0 0.871094 0.259722 0.137500 0.066667
