0 0.086719 0.339583 0.173438 0.173611
0 0.208203 0.270833 0.052344 0.080556
0 0.214844 0.340278 0.026563 0.055556
0 0.189063 0.377778 0.034375 0.061111
0 0.187891 0.298611 0.025781 0.075000
0 0.430078 0.396528 0.397656 0.148611
0 0.342187 0.318750 0.026563 0.059722
0 0.481641 0.336111 0.024219 0.058333
0 0.341406 0.290972 0.215625 0.054167
0 0.479688 0.272222 0.042188 0.013889
0 0.465625 0.304861 0.032812 0.034722
0 0.571484 0.304861 0.189844 0.068056
0 0.832812 0.315972 0.332812 0.087500
0 0.814453 0.470833 0.369531 0.250000
