0 0.360156 0.595139 0.031250 0.034722
0 0.417578 0.627778 0.036719 0.044444
0 0.231641 0.620139 0.075781 0.054167
0 0.577344 0.612500 0.048437 0.041667
0 0.697266 0.638889 0.035156 0.036111
0 0.016016 0.534722 0.038281 0.033333
0 0.435156 0.375694 0.151562 0.045833
0 0.116797 0.850000 0.075781 0.111111
0 0.069922 0.671528 0.139844 0.201389
0 0.116406 0.681250 0.078125 0.070833
0 0.050391 0.864583 0.100781 0.220833
0 0.406250 0.878472 0.129688 0.109722
0 0.546484 0.965972 0.121094 0.068056
0 0.640625 0.927083 0.064062 0.145833
0 0.213672 0.384028 0.146094 0.043056
0 0.130859 0.400694 0.053906 0.059722
0 0.467578 0.625694 0.046094 0.062500
0 0.597266 0.583333 0.053906 0.033333
0 0.591016 0.788889 0.030469 0.055556
0 0.217187 0.547917 0.029687 0.034722
0 0.166797 0.542361 0.028906 0.043056
0 0.569922 0.493056 0.016406 0.036111
0 0.855078 0.941667 0.142969 0.116667
0 0.833984 0.843056 0.092969 0.097222
0 0.121484 0.756250 0.091406 0.087500
0 0.190234 0.734722 0.057031 0.116667
0 0.194141 0.800694 0.050781 0.068056
0 0.255859 0.803472 0.099219 0.112500
0 0.292578 0.653472 0.153906 0.076389
0 0.285937 0.715972 0.135937 0.056944
0 0.109766 0.452778 0.060156 0.066667
0 0.279687 0.489583 0.031250 0.031944
0 0.755469 0.676389 0.039063 0.072222
0 0.763672 0.740972 0.111719 0.095833
0 0.549219 0.650000 0.070313 0.063889
0 0.732031 0.893750 0.117188 0.212500
0 0.683984 0.721528 0.002344 0.001389
0 0.686719 0.678472 0.084375 0.076389
0 0.605469 0.720139 0.100000 0.118056
0 0.653906 0.784028 0.095312 0.129167
0 0.346875 0.788889 0.081250 0.105556
0 0.391406 0.674306 0.031250 0.043056
0 0.385938 0.713194 0.059375 0.040278
0 0.423438 0.751389 0.095312 0.083333
0 0.415625 0.810417 0.060938 0.051389
0 0.453125 0.661111 0.034375 0.041667
0 0.506641 0.646528 0.055469 0.045833
0 0.967188 0.787500 0.064062 0.155556
0 0.445313 0.704861 0.048437 0.045833
0 0.543750 0.859028 0.143750 0.093056
0 0.540625 0.913194 0.087500 0.040278
0 0.495313 0.738889 0.056250 0.155556
0 0.539453 0.746528 0.032031 0.134722
0 0.560156 0.797222 0.018750 0.030556
0 0.354688 0.487500 0.017188 0.063889
0 0.226563 0.575000 0.043750 0.033333
0 0.169922 0.596528 0.063281 0.070833
0 0.096094 0.536806 0.120312 0.101389
0 0.223828 0.522917 0.030469 0.040278
0 0.156250 0.481944 0.045313 0.052778
0 0.216406 0.488194 0.073437 0.065278
0 0.199609 0.436111 0.124219 0.061111
0 0.273438 0.461806 0.029687 0.031944
0 0.306250 0.443056 0.021875 0.025000
0 0.319922 0.489583 0.050781 0.068056
0 0.300000 0.508333 0.014062 0.025000
0 0.413672 0.419444 0.021094 0.027778
0 0.879687 0.713194 0.110937 0.062500
0 0.878516 0.818750 0.111719 0.148611
0 0.956641 0.609028 0.082031 0.190278
0 0.375000 0.414583 0.031250 0.045833
0 0.362109 0.438194 0.066406 0.043056
0 0.414453 0.461806 0.041406 0.054167
0 0.342578 0.403472 0.063281 0.045833
0 0.287109 0.423611 0.052344 0.050000
0 0.549219 0.475694 0.032812 0.040278
0 0.523438 0.472917 0.012500 0.026389
0 0.502344 0.470139 0.029687 0.043056
0 0.454688 0.413889 0.042188 0.041667
0 0.443359 0.446528 0.028906 0.029167
0 0.469922 0.456250 0.024219 0.034722
0 0.486719 0.445139 0.035937 0.020833
0 0.566406 0.393750 0.082813 0.040278
0 0.499609 0.406944 0.041406 0.027778
0 0.516016 0.429861 0.028906 0.043056
0 0.589063 0.432639 0.046875 0.037500
0 0.542188 0.418750 0.023438 0.015278
0 0.557813 0.446528 0.035937 0.040278
0 0.864062 0.650000 0.103125 0.075000
0 0.867578 0.540278 0.094531 0.150000
0 0.771094 0.511111 0.096875 0.191667
0 0.673828 0.590972 0.099219 0.054167
0 0.667969 0.625000 0.039063 0.041667
0 0.593750 0.472917 0.026563 0.034722
0 0.602734 0.501389 0.039844 0.022222
0 0.633984 0.540972 0.053906 0.034722
0 0.678125 0.536806 0.039063 0.001389
0 0.675391 0.535417 0.028906 0.045833
0 0.694922 0.549306 0.013281 0.029167
0 0.718359 0.536806 0.019531 0.043056
0 0.666797 0.450694 0.117969 0.137500
