0 0.396484 0.924306 0.042969 0.098611
0 0.333594 0.774306 0.035937 0.087500
0 0.423828 0.786806 0.074219 0.073611
0 0.442969 0.892361 0.040625 0.123611
0 0.488281 0.890972 0.050000 0.115278
0 0.547656 0.954861 0.060938 0.090278
0 0.591797 0.917361 0.057031 0.093056
0 0.693750 0.616667 0.081250 0.055556
0 0.532422 0.450694 0.028906 0.045833
0 0.258203 0.685417 0.033594 0.037500
0 0.232422 0.922917 0.127344 0.154167
0 0.185937 0.843750 0.081250 0.134722
0 0.037891 0.922917 0.074219 0.154167
0 0.007031 0.745833 0.009375 0.002778
0 0.032422 0.705556 0.063281 0.077778
0 0.687109 0.504167 0.021094 0.027778
0 0.058203 0.566667 0.114844 0.202778
0 0.339453 0.629861 0.038281 0.062500
0 0.663672 0.824306 0.035156 0.056944
0 0.280859 0.586806 0.047656 0.062500
0 0.443750 0.710417 0.073437 0.068056
0 0.406641 0.618056 0.099219 0.116667
0 0.455469 0.669444 0.062500 0.055556
0 0.512109 0.645139 0.030469 0.059722
0 0.543750 0.827778 0.062500 0.091667
0 0.082422 0.775000 0.164844 0.116667
0 0.107813 0.858333 0.071875 0.094444
0 0.805469 0.529861 0.057813 0.045833
0 0.948438 0.388194 0.101563 0.056944
0 0.854297 0.372917 0.077344 0.062500
0 0.705078 0.456250 0.028906 0.031944
0 0.205859 0.364583 0.191406 0.079167
0 0.889453 0.473611 0.089844 0.044444
0 0.180078 0.650694 0.094531 0.101389
0 0.252344 0.615278 0.065625 0.080556
0 0.945703 0.645139 0.107031 0.137500
0 0.948047 0.913889 0.102344 0.172222
0 0.985547 0.504861 0.027344 0.037500
0 0.917578 0.539583 0.163281 0.076389
0 0.572656 0.426389 0.026563 0.047222
0 0.722266 0.803472 0.038281 0.076389
0 0.750391 0.514583 0.039844 0.051389
0 0.340625 0.521528 0.037500 0.048611
0 0.697656 0.922917 0.056250 0.154167
0 0.657422 0.969444 0.039844 0.061111
0 0.636719 0.878472 0.062500 0.131944
0 0.602734 0.810417 0.050781 0.087500
0 0.913281 0.430556 0.171875 0.083333
0 0.979688 0.771528 0.039063 0.104167
0 0.797266 0.616667 0.088281 0.102778
0 0.729297 0.538889 0.064844 0.072222
0 0.685547 0.668056 0.039844 0.102778
0 0.726563 0.667361 0.043750 0.040278
0 0.751172 0.730556 0.072656 0.113889
0 0.758594 0.881944 0.078125 0.083333
0 0.792969 0.945833 0.064062 0.108333
0 0.858203 0.978472 0.077344 0.062500
0 0.744141 0.430556 0.038281 0.030556
0 0.783984 0.463194 0.071094 0.084722
0 0.729688 0.485417 0.040625 0.051389
0 0.872656 0.815972 0.189063 0.284722
0 0.131641 0.442361 0.130469 0.051389
0 0.605859 0.695139 0.132031 0.123611
0 0.507422 0.714583 0.072656 0.112500
0 0.554688 0.754167 0.037500 0.091667
0 0.680469 0.384028 0.031250 0.048611
0 0.759375 0.395139 0.135937 0.070833
0 0.660547 0.436111 0.057031 0.047222
0 0.604688 0.422222 0.051562 0.047222
0 0.609766 0.379861 0.105469 0.034722
0 0.483203 0.392361 0.138281 0.093056
0 0.410547 0.444444 0.053906 0.061111
0 0.384375 0.458333 0.042188 0.083333
0 0.358203 0.374306 0.116406 0.059722
0 0.353906 0.432639 0.032812 0.043056
0 0.259375 0.484722 0.134375 0.152778
0 0.346484 0.478472 0.038281 0.031944
0 0.199609 0.560417 0.061719 0.045833
0 0.157813 0.493056 0.098438 0.066667
0 0.136719 0.564583 0.051562 0.090278
