0 0.554297 0.530556 0.063281 0.033333
0 0.316797 0.695833 0.033594 0.077778
0 0.351563 0.706250 0.026563 0.087500
0 0.405859 0.681944 0.044531 0.050000
0 0.473828 0.676389 0.025781 0.025000
0 0.422656 0.736111 0.045313 0.041667
0 0.491406 0.747222 0.067188 0.061111
0 0.505078 0.708333 0.038281 0.047222
0 0.226953 0.793056 0.044531 0.094444
0 0.369922 0.905556 0.067969 0.097222
0 0.603125 0.930556 0.031250 0.047222
0 0.397656 0.798611 0.059375 0.072222
0 0.298438 0.800694 0.082813 0.048611
0 0.301562 0.856944 0.082813 0.061111
0 0.647266 0.561111 0.042969 0.038889
0 0.686719 0.571528 0.034375 0.034722
0 0.789844 0.627083 0.026563 0.034722
0 0.203125 0.669444 0.067188 0.086111
0 0.110156 0.796528 0.003125 0.001389
0 0.155859 0.762500 0.094531 0.083333
0 0.062891 0.904861 0.125781 0.104167
0 0.150391 0.939583 0.049219 0.045833
0 0.202344 0.945139 0.045313 0.034722
0 0.145313 0.659028 0.043750 0.059722
0 0.186328 0.455556 0.024219 0.030556
0 0.112109 0.493056 0.047656 0.030556
0 0.030469 0.484028 0.060938 0.037500
0 0.070703 0.522917 0.035156 0.029167
0 0.048047 0.538889 0.033594 0.038889
0 0.010547 0.575000 0.021094 0.041667
0 0.031250 0.704861 0.062500 0.068056
0 0.021484 0.786806 0.042969 0.081944
0 0.767187 0.786111 0.056250 0.083333
0 0.457422 0.901389 0.094531 0.100000
0 0.621484 0.463194 0.047656 0.043056
0 0.659375 0.448611 0.023438 0.041667
0 0.801953 0.569444 0.027344 0.050000
0 0.573828 0.775694 0.071094 0.112500
0 0.625781 0.811806 0.056250 0.068056
0 0.713281 0.875000 0.103125 0.094444
0 0.691406 0.793056 0.076563 0.069444
0 0.774219 0.698611 0.071875 0.102778
0 0.846094 0.750694 0.054688 0.056944
0 0.844922 0.808333 0.053906 0.052778
0 0.841797 0.896528 0.088281 0.112500
0 0.883203 0.952083 0.000781 0.001389
0 0.910156 0.929861 0.045313 0.056944
0 0.152344 0.441667 0.034375 0.038889
0 0.092188 0.447222 0.076563 0.063889
0 0.120312 0.402778 0.240625 0.088889
0 0.233203 0.429167 0.055469 0.055556
0 0.295703 0.435417 0.044531 0.037500
0 0.265625 0.429861 0.021875 0.045833
0 0.745313 0.602083 0.065625 0.090278
0 0.248047 0.490972 0.142969 0.051389
0 0.064844 0.664583 0.121875 0.095833
0 0.146875 0.517361 0.089062 0.045833
0 0.115234 0.575694 0.188281 0.093056
0 0.616797 0.668750 0.052344 0.106944
0 0.681250 0.655556 0.076563 0.108333
0 0.936328 0.820139 0.127344 0.209722
0 0.952344 0.697917 0.089062 0.068056
0 0.876953 0.674306 0.064844 0.084722
0 0.943750 0.605556 0.090625 0.091667
0 0.681250 0.526389 0.050000 0.052778
0 0.342187 0.394444 0.190625 0.125000
0 0.865625 0.588194 0.078125 0.093056
0 0.842188 0.524306 0.118750 0.054167
0 0.723437 0.531944 0.040625 0.030556
0 0.783594 0.485417 0.093750 0.087500
0 0.467578 0.447917 0.058594 0.043056
0 0.584766 0.448611 0.027344 0.036111
0 0.521484 0.456944 0.033594 0.050000
0 0.504687 0.388889 0.135937 0.077778
0 0.547266 0.450694 0.032031 0.037500
0 0.633984 0.388889 0.121094 0.088889
0 0.742969 0.390278 0.100000 0.086111
0 0.703516 0.461111 0.072656 0.072222
