0 0.785937 0.831250 0.279687 0.337500
0 0.256250 0.486806 0.001563 0.004167
0 0.488281 0.363889 0.078125 0.088889
0 0.142969 0.438889 0.282813 0.169444
0 0.357812 0.457639 0.073437 0.165278
0 0.302734 0.387500 0.036719 0.069444
0 0.407422 0.374306 0.066406 0.051389
0 0.303125 0.456944 0.048437 0.075000
0 0.449219 0.491667 0.106250 0.150000
0 0.857422 0.680556 0.203906 0.138889
0 0.628125 0.624306 0.082813 0.087500
0 0.560938 0.377778 0.068750 0.063889
0 0.616797 0.388889 0.044531 0.050000
0 0.642969 0.368750 0.025000 0.045833
0 0.539844 0.463194 0.095312 0.126389
0 0.827344 0.395833 0.343750 0.083333
0 0.590625 0.565278 0.081250 0.077778
0 0.681641 0.596528 0.116406 0.095833
0 0.848047 0.546528 0.302344 0.195833
0 0.647266 0.500000 0.122656 0.161111
