0 0.680859 0.468750 0.074219 0.045833
0 0.512891 0.771528 0.025781 0.056944
0 0.547656 0.720833 0.031250 0.033333
0 0.547656 0.854861 0.043750 0.073611
0 0.421484 0.921528 0.042969 0.037500
0 0.212891 0.763889 0.032031 0.050000
0 0.364844 0.943750 0.050000 0.070833
0 0.701563 0.522222 0.020312 0.019444
0 0.517187 0.621528 0.023438 0.034722
0 0.267969 0.740278 0.051562 0.041667
0 0.409766 0.972917 0.053906 0.054167
0 0.267969 0.968750 0.056250 0.062500
0 0.312891 0.951389 0.046094 0.047222
0 0.149609 0.905556 0.050781 0.047222
0 0.042578 0.786111 0.078906 0.063889
0 0.026563 0.879861 0.053125 0.093056
0 0.855078 0.940972 0.239844 0.118056
0 0.650781 0.977083 0.145313 0.045833
0 0.637891 0.925000 0.052344 0.061111
0 0.558984 0.959028 0.050781 0.081944
0 0.526172 0.940972 0.057031 0.054167
0 0.512891 0.911806 0.016406 0.029167
0 0.484375 0.920833 0.032812 0.105556
0 0.059766 0.977083 0.057031 0.045833
0 0.084375 0.932639 0.048437 0.059722
0 0.146484 0.972222 0.069531 0.055556
0 0.198437 0.936111 0.037500 0.083333
0 0.338672 0.845139 0.032031 0.076389
0 0.336328 0.792361 0.022656 0.040278
0 0.304297 0.809028 0.038281 0.062500
0 0.275781 0.900694 0.034375 0.040278
0 0.234766 0.884028 0.050781 0.062500
0 0.233984 0.840972 0.030469 0.059722
0 0.268750 0.838889 0.031250 0.075000
0 0.170703 0.797917 0.033594 0.084722
0 0.121094 0.816667 0.054688 0.080556
0 0.095703 0.878472 0.080469 0.073611
0 0.021484 0.720139 0.042969 0.054167
0 0.062500 0.684028 0.040625 0.065278
0 0.063281 0.639583 0.054688 0.059722
0 0.091406 0.674306 0.015625 0.020833
0 0.123438 0.634722 0.065625 0.066667
0 0.180469 0.650694 0.056250 0.043056
0 0.236328 0.696528 0.021094 0.034722
0 0.194922 0.688889 0.060156 0.038889
0 0.192969 0.725000 0.032812 0.033333
0 0.162891 0.736806 0.022656 0.034722
0 0.122656 0.702083 0.053125 0.029167
0 0.122656 0.743750 0.051562 0.045833
0 0.072656 0.726389 0.043750 0.052778
0 0.023828 0.599306 0.047656 0.095833
0 0.070313 0.565972 0.048437 0.093056
0 0.118750 0.538889 0.046875 0.094444
0 0.203906 0.610417 0.095312 0.048611
0 0.186328 0.533333 0.092969 0.119444
0 0.775781 0.872222 0.015625 0.002778
0 0.767187 0.864583 0.060938 0.034722
0 0.701172 0.884028 0.069531 0.095833
0 0.647266 0.853472 0.044531 0.056944
0 0.608203 0.823611 0.041406 0.061111
0 0.589063 0.771528 0.035937 0.059722
0 0.543750 0.681944 0.029687 0.030556
0 0.761719 0.637500 0.076563 0.083333
0 0.558203 0.445833 0.042969 0.030556
0 0.253516 0.665972 0.033594 0.048611
0 0.289453 0.626389 0.039844 0.050000
0 0.289063 0.658333 0.039063 0.036111
0 0.313281 0.590278 0.014062 0.019444
0 0.330859 0.621528 0.041406 0.034722
0 0.280078 0.588194 0.039844 0.026389
0 0.275391 0.524306 0.085156 0.112500
0 0.722656 0.796528 0.078125 0.081944
0 0.664453 0.818056 0.047656 0.066667
0 0.651172 0.770139 0.058594 0.084722
0 0.615234 0.733333 0.046094 0.063889
0 0.743750 0.710417 0.062500 0.068056
0 0.675781 0.686111 0.089062 0.136111
0 0.549609 0.651389 0.028906 0.044444
0 0.596875 0.674306 0.065625 0.076389
0 0.662891 0.542361 0.016406 0.031944
0 0.714063 0.579861 0.021875 0.031944
0 0.691797 0.564583 0.021094 0.026389
0 0.643750 0.554167 0.025000 0.047222
0 0.677344 0.598611 0.084375 0.047222
0 0.611328 0.612500 0.038281 0.063889
0 0.573047 0.616667 0.030469 0.036111
0 0.475781 0.604861 0.021875 0.045833
0 0.346875 0.582639 0.029687 0.068056
0 0.346484 0.510417 0.058594 0.134722
0 0.403516 0.573611 0.067969 0.050000
0 0.452344 0.548611 0.051562 0.069444
0 0.478906 0.563194 0.043750 0.040278
0 0.515625 0.574306 0.051562 0.037500
0 0.428516 0.478472 0.105469 0.134722
0 0.511719 0.481944 0.060938 0.119444
0 0.606641 0.504861 0.089844 0.084722
0 0.583984 0.571528 0.089844 0.059722
0 0.551172 0.527778 0.021094 0.038889
0 0.552734 0.487500 0.030469 0.038889
