0 0.160938 0.178472 0.040625 0.051389
0 0.189453 0.147917 0.021094 0.040278
0 0.194531 0.220139 0.029687 0.031944
0 0.213281 0.190972 0.023438 0.043056
0 0.213281 0.247917 0.029687 0.034722
0 0.193750 0.037500 0.031250 0.050000
0 0.211719 0.063889 0.023438 0.036111
0 0.209766 0.098611 0.024219 0.033333
0 0.237500 0.147917 0.037500 0.051389
0 0.292188 0.286111 0.023438 0.044444
0 0.279297 0.320139 0.028906 0.048611
0 0.265234 0.438889 0.032031 0.044444
0 0.287109 0.468056 0.038281 0.033333
0 0.282422 0.424306 0.024219 0.062500
0 0.316016 0.565972 0.041406 0.034722
0 0.274609 0.655556 0.041406 0.038889
0 0.264453 0.700000 0.025781 0.050000
0 0.443359 0.045139 0.039844 0.037500
0 0.538672 0.059028 0.025781 0.081944
0 0.318359 0.726389 0.030469 0.061111
0 0.346484 0.717361 0.028906 0.059722
0 0.373828 0.712500 0.025781 0.061111
0 0.407813 0.716667 0.031250 0.061111
0 0.429297 0.654167 0.036719 0.066667
0 0.311719 0.625000 0.034375 0.041667
0 0.306641 0.674306 0.038281 0.031944
0 0.356250 0.581944 0.028125 0.077778
0 0.335547 0.658333 0.038281 0.033333
0 0.366797 0.634722 0.030469 0.066667
0 0.442187 0.602778 0.029687 0.050000
0 0.476172 0.587500 0.027344 0.044444
0 0.469922 0.521528 0.047656 0.048611
0 0.402734 0.609028 0.036719 0.065278
0 0.392969 0.643056 0.025000 0.086111
0 0.392969 0.543750 0.037500 0.045833
0 0.429297 0.545139 0.035156 0.048611
0 0.333203 0.486806 0.041406 0.048611
0 0.358984 0.518056 0.035156 0.047222
0 0.438281 0.493750 0.025000 0.073611
0 0.394141 0.502778 0.047656 0.047222
0 0.360938 0.464583 0.039063 0.073611
0 0.405078 0.445833 0.046094 0.075000
0 0.481250 0.443056 0.046875 0.044444
0 0.431250 0.427083 0.035937 0.043056
0 0.348047 0.400694 0.036719 0.059722
0 0.486719 0.409028 0.029687 0.059722
0 0.464453 0.413194 0.025781 0.076389
0 0.350000 0.337500 0.034375 0.072222
0 0.438672 0.359722 0.041406 0.063889
0 0.389453 0.372222 0.053906 0.072222
0 0.470313 0.342361 0.048437 0.062500
0 0.501562 0.326389 0.025000 0.094444
0 0.378906 0.331250 0.018750 0.065278
0 0.302344 0.427083 0.043750 0.076389
0 0.340234 0.268056 0.039844 0.086111
0 0.391406 0.272917 0.037500 0.062500
0 0.421875 0.320139 0.034375 0.073611
0 0.373437 0.583333 0.035937 0.063889
0 0.427344 0.277083 0.031250 0.054167
0 0.453906 0.290278 0.046875 0.052778
0 0.342578 0.213889 0.047656 0.055556
0 0.294141 0.201389 0.036719 0.097222
0 0.337891 0.168056 0.064844 0.077778
0 0.221875 0.075000 0.032812 0.063889
0 0.390234 0.169444 0.033594 0.086111
0 0.350391 0.145833 0.049219 0.080556
0 0.297656 0.122222 0.051562 0.058333
0 0.260938 0.140972 0.035937 0.104167
0 0.494531 0.250694 0.048437 0.098611
0 0.437500 0.181944 0.042188 0.075000
0 0.462891 0.234028 0.038281 0.087500
0 0.398438 0.095833 0.037500 0.083333
0 0.353125 0.085417 0.035937 0.095833
0 0.314844 0.095139 0.042188 0.076389
0 0.270703 0.080556 0.036719 0.097222
0 0.245312 0.078472 0.039063 0.043056
0 0.523438 0.214583 0.042188 0.079167
0 0.497656 0.170139 0.029687 0.076389
0 0.479688 0.127083 0.042188 0.093056
0 0.423438 0.101389 0.020312 0.111111
0 0.635938 0.332639 0.051562 0.095833
0 0.541797 0.258333 0.044531 0.097222
0 0.528516 0.103472 0.042969 0.056944
0 0.547266 0.153472 0.033594 0.087500
0 0.580078 0.132639 0.028906 0.090278
0 0.598828 0.284028 0.066406 0.048611
0 0.566406 0.217361 0.040625 0.101389
0 0.594922 0.225694 0.041406 0.070833
0 0.638281 0.009028 0.048437 0.018056
0 0.606641 0.086806 0.027344 0.081944
0 0.449219 0.108333 0.040625 0.086111
0 0.611719 0.158333 0.028125 0.058333
0 0.633984 0.211806 0.049219 0.054167
0 0.985547 0.731250 0.027344 0.079167
0 0.975391 0.628472 0.047656 0.065278
0 0.948828 0.565972 0.069531 0.081944
0 0.637891 0.085417 0.039844 0.098611
0 0.631250 0.142361 0.023438 0.118056
0 0.648438 0.166667 0.017188 0.113889
0 0.651953 0.250694 0.053906 0.034722
0 0.684375 0.310417 0.045313 0.068056
0 0.671875 0.047917 0.037500 0.070833
0 0.987891 0.042361 0.022656 0.068056
0 0.957812 0.052083 0.037500 0.079167
0 0.965625 0.098611 0.067188 0.069444
0 0.963672 0.152083 0.071094 0.056944
0 0.979688 0.220833 0.039063 0.066667
0 0.782812 0.015972 0.057813 0.029167
0 0.776953 0.397222 0.096094 0.055556
0 0.760156 0.364583 0.110937 0.059722
0 0.726172 0.314583 0.058594 0.065278
0 0.983594 0.384028 0.031250 0.065278
0 0.985156 0.556250 0.025000 0.101389
0 0.968750 0.472222 0.060938 0.058333
0 0.691797 0.200000 0.039844 0.097222
0 0.738281 0.194444 0.032812 0.061111
0 0.750391 0.259028 0.000781 0.009722
0 0.762109 0.256944 0.021094 0.002778
0 0.687891 0.272917 0.028906 0.045833
0 0.716797 0.237500 0.033594 0.077778
0 0.763281 0.266667 0.043750 0.036111
0 0.773047 0.309028 0.044531 0.054167
0 0.875000 0.443056 0.051562 0.113889
0 0.931250 0.485417 0.089062 0.079167
0 0.937891 0.404861 0.075781 0.059722
0 0.669922 0.140278 0.038281 0.113889
0 0.701172 0.113889 0.047656 0.050000
0 0.722266 0.158333 0.047656 0.041667
0 0.711719 0.070139 0.046875 0.045833
0 0.915625 0.033333 0.053125 0.066667
0 0.880859 0.036111 0.035156 0.066667
0 0.842188 0.025000 0.060938 0.047222
0 0.807422 0.046528 0.047656 0.023611
0 0.757031 0.084722 0.042188 0.044444
0 0.733984 0.109028 0.027344 0.051389
0 0.798047 0.081250 0.050781 0.037500
0 0.840625 0.093056 0.050000 0.080556
0 0.895312 0.103472 0.065625 0.073611
0 0.867578 0.170833 0.075781 0.061111
0 0.775000 0.155556 0.051562 0.080556
0 0.812109 0.147222 0.047656 0.088889
0 0.803906 0.208333 0.104687 0.058333
0 0.796875 0.267361 0.042188 0.073611
0 0.901172 0.180556 0.061719 0.058333
0 0.972656 0.285417 0.053125 0.054167
0 0.969141 0.338194 0.060156 0.048611
0 0.860937 0.354167 0.062500 0.069444
0 0.911719 0.338889 0.057813 0.075000
0 0.930469 0.256250 0.054688 0.087500
0 0.858984 0.266667 0.080469 0.116667
0 0.819531 0.342361 0.031250 0.087500
