0 0.339844 0.964583 0.048437 0.070833
0 0.555469 0.952083 0.048437 0.062500
0 0.450781 0.979167 0.031250 0.041667
0 0.517187 0.986806 0.029687 0.026389
0 0.672266 0.981944 0.033594 0.036111
0 0.405859 0.600694 0.139844 0.051389
0 0.203516 0.967361 0.042969 0.065278
0 0.192969 0.911806 0.026563 0.051389
0 0.196875 0.876389 0.035937 0.044444
0 0.523047 0.744444 0.044531 0.069444
0 0.477734 0.733333 0.039844 0.047222
0 0.276953 0.836111 0.022656 0.044444
0 0.387500 0.668056 0.017188 0.036111
0 0.283984 0.726389 0.025781 0.036111
0 0.314063 0.624306 0.026563 0.029167
0 0.122266 0.711806 0.028906 0.040278
0 0.100391 0.693056 0.036719 0.041667
0 0.128516 0.660417 0.025781 0.026389
0 0.192188 0.653472 0.118750 0.076389
0 0.399609 0.754167 0.024219 0.033333
0 0.380469 0.734028 0.029687 0.026389
0 0.258984 0.804861 0.032031 0.040278
0 0.568750 0.897222 0.051562 0.038889
0 0.642187 0.957639 0.031250 0.084722
0 0.619922 0.904861 0.050781 0.040278
0 0.670703 0.906944 0.046094 0.063889
0 0.141406 0.924306 0.029687 0.059722
0 0.160156 0.981944 0.040625 0.036111
0 0.309375 0.793750 0.062500 0.087500
0 0.258984 0.764583 0.046094 0.051389
0 0.351172 0.666667 0.028906 0.038889
0 0.201953 0.828472 0.058594 0.070833
0 0.173828 0.792361 0.027344 0.029167
0 0.059375 0.959028 0.118750 0.081944
0 0.030078 0.887500 0.035156 0.066667
0 0.560938 0.725694 0.021875 0.043056
0 0.575391 0.770833 0.042969 0.033333
0 0.487109 0.683333 0.025781 0.030556
0 0.733984 0.881944 0.042969 0.055556
0 0.344922 0.713194 0.078906 0.045833
0 0.080859 0.879861 0.072656 0.076389
0 0.120312 0.904861 0.040625 0.048611
0 0.799609 0.961111 0.064844 0.077778
0 0.480859 0.630556 0.011719 0.019444
0 0.076172 0.809028 0.058594 0.054167
0 0.111328 0.759028 0.039844 0.045833
0 0.141406 0.815972 0.070313 0.054167
0 0.187109 0.724306 0.108594 0.104167
0 0.294531 0.674306 0.101563 0.101389
0 0.262891 0.727778 0.008594 0.022222
0 0.916406 0.885417 0.165625 0.223611
0 0.703125 0.859028 0.023438 0.043056
0 0.686719 0.875694 0.034375 0.037500
0 0.591406 0.822222 0.032812 0.027778
0 0.614453 0.804861 0.033594 0.087500
0 0.599609 0.850000 0.003906 0.002778
0 0.417578 0.675694 0.060156 0.093056
0 0.451562 0.711806 0.042188 0.054167
0 0.457812 0.647222 0.040625 0.027778
0 0.489062 0.654861 0.025000 0.029167
0 0.509375 0.645833 0.023438 0.036111
0 0.556250 0.663194 0.035937 0.054167
0 0.522656 0.680556 0.040625 0.069444
0 0.517187 0.607639 0.056250 0.051389
0 0.644141 0.838889 0.035156 0.077778
0 0.665625 0.858333 0.028125 0.033333
0 0.798437 0.877778 0.070313 0.088889
0 0.702734 0.810417 0.064844 0.065278
0 0.746484 0.846528 0.033594 0.045833
0 0.597266 0.613889 0.103906 0.052778
0 0.598437 0.665278 0.045313 0.061111
0 0.591406 0.709028 0.056250 0.023611
0 0.591797 0.737500 0.028906 0.036111
0 0.632422 0.727778 0.052344 0.080556
0 0.816016 0.745833 0.061719 0.075000
0 0.782812 0.802083 0.095312 0.051389
0 0.716406 0.743056 0.134375 0.100000
0 0.657812 0.660417 0.075000 0.062500
0 0.715234 0.677083 0.053906 0.037500
