0 0.456641 0.741667 0.028906 0.058333
0 0.412891 0.600000 0.024219 0.055556
0 0.866797 0.620139 0.061719 0.048611
0 0.658984 0.765278 0.032031 0.063889
0 0.655078 0.571528 0.027344 0.037500
0 0.392969 0.663194 0.050000 0.037500
0 0.384766 0.637500 0.030469 0.033333
0 0.776172 0.935417 0.042969 0.079167
0 0.325781 0.839583 0.039063 0.070833
0 0.455469 0.534722 0.021875 0.036111
0 0.486719 0.522917 0.021875 0.029167
0 0.815234 0.722222 0.028906 0.038889
0 0.594922 0.801389 0.038281 0.050000
0 0.021484 0.548611 0.000781 0.008333
0 0.000781 0.600694 0.001563 0.006944
0 0.014844 0.581944 0.029687 0.069444
0 0.125391 0.568056 0.189844 0.080556
0 0.595312 0.881944 0.054688 0.075000
0 0.656641 0.922222 0.039844 0.105556
0 0.914453 0.489583 0.057031 0.048611
0 0.970312 0.512500 0.059375 0.069444
0 0.875391 0.543056 0.035156 0.033333
0 0.905078 0.547917 0.028906 0.031944
0 0.992969 0.581250 0.014062 0.029167
0 0.715234 0.443056 0.107031 0.033333
0 0.640234 0.434722 0.028906 0.044444
0 0.734375 0.695833 0.050000 0.038889
0 0.368750 0.563889 0.042188 0.038889
0 0.473437 0.844444 0.089062 0.094444
0 0.520703 0.729861 0.046094 0.054167
0 0.536719 0.779167 0.039063 0.080556
0 0.555078 0.798611 0.028906 0.055556
0 0.556641 0.859028 0.047656 0.087500
0 0.280469 0.531944 0.120312 0.075000
0 0.678516 0.560417 0.028906 0.031944
0 0.500000 0.476389 0.020312 0.027778
0 0.435156 0.494444 0.109375 0.061111
0 0.389844 0.536806 0.095312 0.034722
0 0.360156 0.509722 0.056250 0.038889
0 0.881250 0.715972 0.073437 0.051389
0 0.639063 0.845833 0.050000 0.077778
0 0.540234 0.552083 0.057031 0.045833
0 0.711719 0.829861 0.103125 0.120833
0 0.821875 0.482639 0.040625 0.037500
0 0.378906 0.857639 0.087500 0.109722
0 0.931641 0.938194 0.136719 0.123611
0 0.955078 0.748611 0.089844 0.105556
0 0.787109 0.781250 0.000781 0.012500
0 0.775781 0.667361 0.078125 0.056944
0 0.762891 0.740278 0.050781 0.075000
0 0.794141 0.796528 0.075781 0.084722
0 0.824219 0.560417 0.045313 0.054167
0 0.739844 0.628472 0.092188 0.048611
0 0.940625 0.597917 0.073437 0.079167
0 0.983594 0.625694 0.032812 0.056944
0 0.924609 0.676389 0.150781 0.072222
0 0.782031 0.591667 0.060938 0.041667
0 0.347656 0.782639 0.057813 0.037500
0 0.712500 0.947222 0.056250 0.105556
0 0.832422 0.948611 0.071094 0.102778
0 0.855078 0.815972 0.046094 0.076389
0 0.889063 0.785417 0.053125 0.084722
0 0.973437 0.868750 0.051562 0.137500
0 0.909375 0.836111 0.082813 0.083333
0 0.387891 0.947917 0.147656 0.065278
0 0.268359 0.938194 0.086719 0.123611
0 0.103516 0.891667 0.207031 0.216667
0 0.262891 0.814583 0.119531 0.154167
0 0.534766 0.475694 0.046094 0.073611
0 0.513281 0.515972 0.035937 0.020833
0 0.639063 0.504167 0.032812 0.038889
0 0.378516 0.719444 0.072656 0.066667
0 0.141406 0.738194 0.125000 0.104167
0 0.302344 0.614583 0.001563 0.004167
0 0.283984 0.609028 0.136719 0.087500
0 0.335938 0.693056 0.053125 0.097222
0 0.258984 0.697222 0.110156 0.077778
0 0.186328 0.652778 0.088281 0.086111
0 0.730859 0.518056 0.021094 0.030556
0 0.588672 0.533333 0.071094 0.044444
0 0.651172 0.479861 0.061719 0.040278
0 0.707422 0.482639 0.047656 0.056944
0 0.684375 0.521528 0.057813 0.051389
0 0.766016 0.500000 0.072656 0.052778
0 0.789844 0.530556 0.042188 0.030556
0 0.760938 0.570139 0.070313 0.045833
0 0.588672 0.461806 0.069531 0.045833
0 0.594531 0.495833 0.031250 0.036111
