0 0.744531 0.775694 0.509375 0.448611
0 0.186719 0.897917 0.373437 0.204167
0 0.523438 0.514583 0.140625 0.098611
0 0.136719 0.268750 0.051562 0.076389
0 0.397656 0.549306 0.004688 0.004167
0 0.413672 0.525000 0.082031 0.058333
0 0.586328 0.290278 0.183594 0.066667
0 0.982422 0.254861 0.032031 0.034722
0 0.596484 0.397917 0.103906 0.070833
0 0.428516 0.303472 0.130469 0.043056
0 0.714063 0.297222 0.071875 0.050000
0 0.371094 0.566667 0.073437 0.058333
0 0.233203 0.730556 0.466406 0.258333
0 0.514063 0.750694 0.109375 0.265278
0 0.935156 0.511806 0.128125 0.079167
0 0.810547 0.452083 0.183594 0.054167
0 0.693750 0.516667 0.198437 0.077778
0 0.392578 0.470139 0.044531 0.048611
0 0.182422 0.531250 0.364844 0.151389
0 0.181641 0.363194 0.360156 0.170833
0 0.379687 0.349306 0.042188 0.051389
0 0.392188 0.423611 0.062500 0.061111
0 0.664453 0.386111 0.028906 0.080556
0 0.885547 0.401389 0.061719 0.050000
0 0.950391 0.422917 0.097656 0.087500
0 0.983594 0.325000 0.031250 0.113889
0 0.783203 0.307639 0.064844 0.073611
0 0.528516 0.366667 0.061719 0.050000
0 0.464063 0.386111 0.117188 0.080556
0 0.925391 0.272917 0.055469 0.045833
0 0.892187 0.253472 0.028125 0.029167
0 0.836719 0.259722 0.043750 0.033333
0 0.962891 0.288194 0.025781 0.031944
0 0.927734 0.338194 0.071094 0.048611
0 0.863672 0.321528 0.099219 0.095833
0 0.822656 0.377083 0.051562 0.062500
0 0.716797 0.384028 0.067969 0.087500
0 0.776563 0.392361 0.048437 0.070833
