0 0.600781 0.606250 0.070313 0.062500
0 0.044922 0.566667 0.089844 0.069444
0 0.105859 0.486111 0.211719 0.080556
0 0.432422 0.566667 0.163281 0.075000
0 0.162109 0.584722 0.127344 0.105556
0 0.269141 0.547222 0.102344 0.119444
0 0.246094 0.404861 0.492188 0.056944
0 0.712891 0.515972 0.100781 0.131944
0 0.801953 0.520139 0.071094 0.159722
0 0.892187 0.415972 0.134375 0.068056
0 0.921484 0.558333 0.157031 0.197222
0 0.989062 0.454167 0.021875 0.066667
0 0.303516 0.497222 0.127344 0.113889
0 0.654688 0.436111 0.329688 0.072222
0 0.578125 0.522917 0.184375 0.101389
0 0.429297 0.502083 0.116406 0.109722
