0 0.340625 0.802778 0.043750 0.041667
0 0.229687 0.820139 0.037500 0.056944
0 0.192969 0.829167 0.032812 0.069444
0 0.707031 0.962500 0.026563 0.044444
0 0.417578 0.711111 0.019531 0.030556
0 0.467578 0.690972 0.014844 0.037500
0 0.486328 0.700000 0.022656 0.038889
0 0.406250 0.683333 0.029687 0.027778
0 0.407813 0.613194 0.015625 0.029167
0 0.370703 0.622917 0.017969 0.031944
0 0.382422 0.634028 0.022656 0.031944
0 0.716016 0.884722 0.024219 0.041667
0 0.123828 0.704861 0.022656 0.040278
0 0.359766 0.561806 0.016406 0.020833
0 0.388281 0.561111 0.025000 0.041667
0 0.444531 0.577083 0.014062 0.037500
0 0.421094 0.592361 0.020312 0.034722
0 0.113672 0.784028 0.110156 0.059722
0 0.208984 0.936111 0.057031 0.052778
0 0.250781 0.954167 0.046875 0.091667
0 0.595312 0.870139 0.107813 0.090278
0 0.115234 0.620139 0.027344 0.051389
0 0.135547 0.603472 0.024219 0.062500
0 0.157422 0.638889 0.028906 0.055556
0 0.705469 0.840972 0.023438 0.068056
0 0.390234 0.937500 0.064844 0.080556
0 0.516406 0.955556 0.075000 0.088889
0 0.415234 0.977083 0.052344 0.045833
0 0.474219 0.978472 0.057813 0.043056
0 0.789844 0.974306 0.073437 0.076389
0 0.802734 0.974306 0.000781 0.001389
0 0.502344 0.672917 0.018750 0.034722
0 0.481250 0.630556 0.023438 0.019444
0 0.767578 0.846528 0.030469 0.034722
0 0.278125 0.734722 0.017188 0.036111
0 0.348437 0.695833 0.032812 0.033333
0 0.316797 0.716667 0.071094 0.041667
0 0.230078 0.729167 0.013281 0.027778
0 0.544922 0.716667 0.030469 0.041667
0 0.046484 0.850000 0.075781 0.075000
0 0.180078 0.895139 0.038281 0.040278
0 0.274219 0.767361 0.040625 0.040278
0 0.228906 0.762500 0.051562 0.050000
0 0.303125 0.669444 0.021875 0.022222
0 0.294922 0.654861 0.028906 0.018056
0 0.262109 0.679167 0.030469 0.047222
0 0.262109 0.706944 0.036719 0.050000
0 0.183203 0.773611 0.027344 0.041667
0 0.805078 0.915972 0.060156 0.079167
0 0.448828 0.545139 0.099219 0.062500
0 0.668359 0.830556 0.027344 0.047222
0 0.320313 0.928472 0.067188 0.109722
0 0.293750 0.988889 0.037500 0.036111
0 0.604297 0.963194 0.046094 0.045833
0 0.652344 0.954861 0.035937 0.051389
0 0.628906 0.983333 0.060938 0.033333
0 0.679297 0.989583 0.027344 0.020833
0 0.343359 0.593750 0.039844 0.056944
0 0.444141 0.699306 0.024219 0.029167
0 0.155469 0.698611 0.040625 0.075000
0 0.198047 0.740278 0.002344 0.005556
0 0.182422 0.728472 0.067969 0.065278
0 0.502734 0.636806 0.021094 0.031944
0 0.921484 0.886111 0.155469 0.216667
0 0.612500 0.754167 0.045313 0.055556
0 0.735547 0.818056 0.038281 0.061111
0 0.604297 0.786806 0.030469 0.037500
0 0.576953 0.721528 0.035156 0.034722
0 0.535156 0.677778 0.037500 0.033333
0 0.574219 0.677083 0.023438 0.043056
0 0.302734 0.618056 0.042969 0.075000
0 0.338672 0.631944 0.027344 0.030556
0 0.359375 0.663194 0.064062 0.056944
0 0.142188 0.913889 0.042188 0.161111
0 0.103125 0.880556 0.042188 0.113889
0 0.044531 0.909028 0.089062 0.068056
0 0.029297 0.972222 0.055469 0.055556
0 0.083984 0.981250 0.053906 0.037500
0 0.229297 0.595833 0.099219 0.041667
0 0.177344 0.613889 0.029687 0.025000
0 0.220313 0.662500 0.082813 0.077778
0 0.422266 0.634722 0.032031 0.044444
0 0.442969 0.611806 0.032812 0.040278
0 0.455078 0.639583 0.016406 0.037500
0 0.439453 0.672222 0.025781 0.030556
0 0.842188 0.925000 0.028125 0.050000
0 0.531250 0.602778 0.023438 0.030556
0 0.478516 0.600694 0.030469 0.034722
0 0.506250 0.598611 0.021875 0.044444
0 0.519141 0.569444 0.019531 0.036111
0 0.535937 0.637500 0.037500 0.050000
0 0.569922 0.620139 0.038281 0.054167
0 0.655078 0.843750 0.005469 0.001389
0 0.638672 0.813194 0.038281 0.056944
0 0.651563 0.793056 0.035937 0.052778
0 0.828125 0.856944 0.050000 0.047222
0 0.821875 0.812500 0.043750 0.047222
0 0.924219 0.772222 0.068750 0.047222
0 0.900000 0.729167 0.039063 0.038889
0 0.867969 0.737500 0.034375 0.036111
0 0.849609 0.713194 0.033594 0.045833
0 0.612109 0.705556 0.039844 0.030556
0 0.592188 0.664583 0.026563 0.029167
0 0.604688 0.688194 0.039063 0.037500
0 0.676172 0.768056 0.027344 0.063889
0 0.698828 0.748611 0.027344 0.044444
0 0.703125 0.786806 0.021875 0.040278
0 0.825391 0.700694 0.027344 0.043056
0 0.744922 0.786806 0.032031 0.031944
0 0.779297 0.791667 0.035156 0.063889
0 0.833203 0.768750 0.053906 0.051389
0 0.795703 0.682639 0.032031 0.043056
0 0.555078 0.568056 0.050781 0.050000
0 0.629687 0.649306 0.096875 0.179167
0 0.704687 0.673611 0.054688 0.158333
0 0.746094 0.697917 0.034375 0.151389
0 0.785156 0.743056 0.043750 0.094444
0 0.772656 0.668056 0.015625 0.058333
