0 0.689844 0.527083 0.093750 0.079167
0 0.624609 0.513889 0.027344 0.036111
0 0.453125 0.883333 0.029687 0.072222
0 0.412109 0.715278 0.027344 0.041667
0 0.400391 0.800694 0.042969 0.048611
0 0.391797 0.765972 0.033594 0.023611
0 0.814453 0.763194 0.055469 0.051389
0 0.633203 0.693056 0.028906 0.044444
0 0.636719 0.919444 0.031250 0.075000
0 0.033594 0.718056 0.067188 0.116667
0 0.374219 0.676389 0.032812 0.050000
0 0.941016 0.738194 0.046094 0.051389
0 0.726953 0.904861 0.050781 0.095833
0 0.769922 0.877778 0.024219 0.038889
0 0.727734 0.588194 0.149219 0.056944
0 0.733984 0.618750 0.071094 0.029167
0 0.662891 0.644444 0.052344 0.086111
0 0.618750 0.605556 0.032812 0.041667
0 0.526563 0.659028 0.039063 0.048611
0 0.969922 0.886111 0.060156 0.097222
0 0.478906 0.621528 0.023438 0.034722
0 0.462500 0.615278 0.001563 0.002778
0 0.451172 0.633333 0.022656 0.027778
0 0.864062 0.611111 0.064062 0.069444
0 0.949609 0.660417 0.100781 0.131944
0 0.778906 0.659028 0.001563 0.001389
0 0.757422 0.651389 0.046094 0.038889
0 0.723828 0.817361 0.092969 0.084722
0 0.708984 0.764583 0.071094 0.059722
0 0.746094 0.729167 0.059375 0.044444
0 0.749219 0.684028 0.104687 0.065278
0 0.817969 0.880556 0.056250 0.047222
0 0.396484 0.853472 0.036719 0.043056
0 0.366016 0.888889 0.038281 0.072222
0 0.855469 0.672917 0.026563 0.037500
0 0.826563 0.675000 0.023438 0.030556
0 0.983594 0.771528 0.032812 0.051389
0 0.878125 0.730556 0.067188 0.080556
0 0.937109 0.792361 0.057031 0.065278
0 0.866797 0.830556 0.144531 0.091667
0 0.144141 0.680556 0.153906 0.105556
0 0.566406 0.639583 0.076563 0.059722
0 0.526563 0.565278 0.046875 0.111111
0 0.576953 0.600694 0.035156 0.043056
0 0.589063 0.551389 0.076563 0.061111
0 0.644141 0.570139 0.033594 0.062500
0 0.237891 0.947222 0.319531 0.063889
0 0.227734 0.860417 0.233594 0.106944
0 0.264062 0.767361 0.151562 0.070833
0 0.355859 0.814583 0.038281 0.098611
0 0.280859 0.643750 0.116406 0.090278
0 0.369141 0.615972 0.069531 0.087500
0 0.416406 0.639583 0.042188 0.029167
0 0.284766 0.704167 0.124219 0.066667
0 0.348437 0.731250 0.026563 0.045833
0 0.453516 0.602083 0.097656 0.109722
0 0.179688 0.981944 0.342187 0.036111
0 0.383984 0.989583 0.019531 0.026389
0 0.456641 0.989583 0.053906 0.020833
0 0.567578 0.981250 0.030469 0.037500
0 0.539453 0.974306 0.019531 0.051389
0 0.518750 0.958333 0.018750 0.052778
0 0.498047 0.984722 0.014844 0.030556
0 0.517187 0.895833 0.048437 0.083333
0 0.988281 0.964583 0.021875 0.048611
0 0.799219 0.979167 0.046875 0.041667
0 0.883984 0.919444 0.066406 0.075000
0 0.814062 0.940972 0.025000 0.054167
0 0.839453 0.961806 0.035156 0.076389
0 0.871484 0.972222 0.044531 0.055556
0 0.947266 0.968750 0.060156 0.062500
0 0.765625 0.945833 0.021875 0.047222
0 0.697266 0.972222 0.122656 0.061111
