0 0.772266 0.681250 0.035156 0.056944
0 0.503125 0.624306 0.028125 0.034722
0 0.478906 0.875000 0.021875 0.044444
0 0.500000 0.902778 0.029687 0.069444
0 0.524609 0.959722 0.041406 0.061111
0 0.582031 0.977778 0.071875 0.044444
0 0.666797 0.934028 0.030469 0.070833
0 0.345313 0.640972 0.037500 0.040278
0 0.199609 0.977778 0.032031 0.044444
0 0.422656 0.979167 0.045313 0.041667
0 0.276172 0.879861 0.035156 0.056944
0 0.283984 0.913194 0.050781 0.040278
0 0.288281 0.947917 0.054688 0.031944
0 0.254687 0.974306 0.020312 0.051389
0 0.287109 0.981944 0.050781 0.036111
0 0.334766 0.936111 0.035156 0.072222
0 0.344922 0.981944 0.028906 0.036111
0 0.384766 0.958333 0.021094 0.083333
0 0.371094 0.906944 0.037500 0.050000
0 0.645703 0.803472 0.017969 0.048611
0 0.591016 0.750694 0.049219 0.062500
0 0.574219 0.777778 0.042188 0.080556
0 0.632813 0.856944 0.032812 0.069444
0 0.595703 0.827083 0.064844 0.051389
0 0.592188 0.869444 0.025000 0.055556
0 0.619531 0.872917 0.014062 0.031944
0 0.458984 0.611111 0.016406 0.036111
0 0.630469 0.672917 0.018750 0.040278
0 0.768750 0.851389 0.035937 0.058333
0 0.316016 0.682639 0.047656 0.043056
0 0.948047 0.959028 0.044531 0.081944
0 0.848437 0.937500 0.137500 0.125000
0 0.923437 0.909722 0.057813 0.055556
0 0.898438 0.890278 0.003125 0.002778
0 0.871094 0.854861 0.067188 0.087500
0 0.868359 0.858333 0.061719 0.094444
0 0.744141 0.922222 0.030469 0.077778
0 0.698438 0.984722 0.020312 0.030556
0 0.716406 0.931944 0.025000 0.036111
0 0.712891 0.900694 0.050781 0.062500
0 0.685156 0.853472 0.054688 0.059722
0 0.241406 0.790278 0.034375 0.055556
0 0.214062 0.903472 0.076563 0.081944
0 0.101563 0.754861 0.039063 0.070833
0 0.106641 0.960417 0.053906 0.079167
0 0.569531 0.602778 0.034375 0.038889
0 0.426562 0.613889 0.029687 0.044444
0 0.058984 0.772917 0.049219 0.068056
0 0.017188 0.818056 0.034375 0.050000
0 0.094141 0.827083 0.024219 0.059722
0 0.055859 0.972917 0.044531 0.054167
0 0.033594 0.952778 0.067188 0.094444
0 0.041016 0.859028 0.082031 0.101389
0 0.651172 0.719444 0.038281 0.044444
0 0.668359 0.759028 0.025781 0.062500
0 0.710938 0.790278 0.059375 0.066667
0 0.615625 0.639583 0.045313 0.054167
0 0.766016 0.794444 0.049219 0.036111
0 0.796094 0.779167 0.062500 0.047222
0 0.807422 0.845833 0.063281 0.075000
0 0.038281 0.702778 0.076563 0.080556
0 0.766406 0.736806 0.090625 0.048611
0 0.141406 0.918750 0.053125 0.118056
0 0.660937 0.678472 0.028125 0.062500
0 0.696094 0.702778 0.042188 0.033333
0 0.723047 0.695139 0.058594 0.051389
0 0.711328 0.665972 0.078906 0.048611
0 0.180859 0.797917 0.091406 0.156944
0 0.213281 0.698611 0.087500 0.058333
0 0.271875 0.686806 0.039063 0.051389
0 0.114063 0.662500 0.070313 0.100000
0 0.264453 0.645833 0.047656 0.055556
0 0.052734 0.606944 0.105469 0.111111
0 0.152734 0.579861 0.094531 0.109722
0 0.216406 0.561806 0.034375 0.048611
0 0.233594 0.625000 0.003125 0.002778
0 0.223828 0.620139 0.030469 0.040278
0 0.687891 0.630556 0.003906 0.002778
0 0.675781 0.615278 0.075000 0.052778
0 0.503125 0.579167 0.037500 0.027778
0 0.214062 0.490278 0.026563 0.033333
0 0.283203 0.599306 0.053906 0.037500
0 0.304688 0.579167 0.021875 0.027778
0 0.643359 0.560417 0.111719 0.051389
0 0.622266 0.595139 0.033594 0.034722
0 0.675000 0.526389 0.020312 0.038889
0 0.381250 0.613889 0.025000 0.036111
0 0.592188 0.504167 0.134375 0.083333
0 0.539453 0.563889 0.057031 0.044444
0 0.449609 0.528472 0.147656 0.084722
0 0.400000 0.587500 0.095312 0.044444
0 0.373828 0.474306 0.085156 0.051389
0 0.305078 0.525000 0.138281 0.069444
0 0.336719 0.581944 0.034375 0.044444
0 0.265234 0.579167 0.055469 0.061111
