0 0.294141 0.605556 0.042969 0.055556
0 0.351172 0.623611 0.046094 0.052778
0 0.416016 0.582639 0.027344 0.040278
0 0.430078 0.593750 0.025781 0.029167
0 0.471094 0.595139 0.043750 0.037500
0 0.506250 0.612500 0.035937 0.030556
1 0.396094 0.648611 0.035937 0.033333
1 0.390625 0.635417 0.020312 0.018056
1 0.447266 0.660417 0.021094 0.029167
1 0.452734 0.631944 0.017969 0.025000
0 0.439063 0.637500 0.021875 0.033333
0 0.474219 0.648611 0.026563 0.027778
0 0.515625 0.632639 0.001563 0.001389
0 0.541406 0.626389 0.037500 0.047222
0 0.576953 0.615278 0.028906 0.047222
0 0.633984 0.624306 0.025781 0.056944
0 0.612891 0.645833 0.030469 0.033333
0 0.522656 0.595139 0.040625 0.026389
1 0.593750 0.567361 0.017188 0.020833
1 0.743359 0.630556 0.022656 0.047222
1 0.661328 0.632639 0.013281 0.015278
1 0.605859 0.628472 0.028906 0.018056
1 0.603125 0.617361 0.018750 0.020833
0 0.612891 0.601389 0.024219 0.027778
