0 0.312891 0.467361 0.033594 0.037500
0 0.321484 0.493056 0.027344 0.038889
0 0.367188 0.505556 0.045313 0.050000
0 0.425781 0.403472 0.029687 0.045833
0 0.439063 0.450000 0.028125 0.036111
0 0.479297 0.435417 0.039844 0.073611
0 0.531250 0.435417 0.029687 0.029167
0 0.529297 0.459028 0.047656 0.029167
0 0.525781 0.486806 0.070313 0.029167
0 0.448828 0.545833 0.033594 0.038889
0 0.476953 0.563194 0.028906 0.029167
0 0.603516 0.353472 0.019531 0.034722
0 0.573438 0.460417 0.031250 0.034722
0 0.587500 0.486806 0.042188 0.037500
0 0.627344 0.486111 0.029687 0.038889
0 0.611719 0.450000 0.028125 0.019444
0 0.724609 0.498611 0.035156 0.050000
0 0.596094 0.543056 0.037500 0.036111
0 0.625391 0.515972 0.025781 0.026389
0 0.404687 0.536806 0.018750 0.034722
0 0.411328 0.563194 0.028906 0.023611
0 0.453125 0.582639 0.018750 0.026389
0 0.536719 0.511806 0.023438 0.023611
0 0.541016 0.525000 0.010156 0.025000
0 0.600000 0.508333 0.026563 0.025000
0 0.643359 0.456250 0.019531 0.031944
0 0.644531 0.511806 0.017188 0.029167
0 0.626953 0.529861 0.016406 0.034722
