0 0.417188 0.410417 0.035937 0.031944
0 0.419922 0.434028 0.027344 0.029167
0 0.318359 0.524306 0.035156 0.034722
0 0.328125 0.564583 0.025000 0.037500
0 0.376563 0.565972 0.039063 0.034722
0 0.433203 0.497917 0.024219 0.054167
0 0.444531 0.636806 0.029687 0.054167
0 0.465234 0.663194 0.024219 0.026389
0 0.460156 0.443056 0.014062 0.036111
0 0.470703 0.486806 0.036719 0.051389
0 0.589844 0.329861 0.025000 0.048611
0 0.692969 0.556944 0.026563 0.050000
0 0.589063 0.487500 0.026563 0.052778
0 0.558203 0.507639 0.021094 0.056944
0 0.516406 0.462500 0.026563 0.025000
0 0.518359 0.508333 0.024219 0.033333
0 0.500781 0.552778 0.035937 0.044444
0 0.530859 0.547222 0.024219 0.036111
0 0.566406 0.542361 0.046875 0.045833
0 0.599609 0.547222 0.024219 0.066667
0 0.601172 0.586111 0.025781 0.027778
0 0.619922 0.502083 0.016406 0.026389
0 0.577344 0.627778 0.026563 0.047222
0 0.563281 0.636806 0.018750 0.040278
0 0.362891 0.588194 0.010156 0.045833
0 0.403906 0.618750 0.018750 0.034722
0 0.409766 0.656250 0.027344 0.023611
0 0.446875 0.688194 0.020312 0.026389
0 0.521094 0.581250 0.017188 0.023611
0 0.523828 0.604167 0.016406 0.022222
0 0.617578 0.581250 0.017969 0.029167
0 0.575781 0.581250 0.023438 0.023611
0 0.601563 0.609028 0.014062 0.034722
0 0.510938 0.495833 0.015625 0.025000
0 0.538672 0.524306 0.011719 0.031944
