0 0.455469 0.353472 0.023438 0.034722
0 0.378906 0.339583 0.023438 0.029167
0 0.358594 0.343750 0.012500 0.031944
0 0.349609 0.331250 0.017969 0.026389
0 0.298828 0.353472 0.022656 0.034722
0 0.329688 0.361806 0.017188 0.026389
1 0.347656 0.371528 0.009375 0.018056
1 0.352344 0.379167 0.015625 0.019444
0 0.963672 0.591667 0.014844 0.030556
0 0.979688 0.615972 0.020312 0.023611
0 0.852344 0.659028 0.025000 0.026389
0 0.979297 0.856250 0.039844 0.062500
0 0.020703 0.370833 0.021094 0.036111
0 0.969922 0.399306 0.021094 0.020833
0 0.932422 0.477083 0.030469 0.023611
0 0.432813 0.345139 0.015625 0.018056
0 0.403125 0.359722 0.034375 0.016667
0 0.407813 0.350694 0.017188 0.034722
1 0.373828 0.385417 0.010156 0.023611
0 0.371484 0.375000 0.008594 0.019444
0 0.366016 0.384028 0.000781 0.004167
1 0.384375 0.381250 0.010937 0.020833
0 0.441016 0.372222 0.017969 0.016667
0 0.493750 0.359028 0.020312 0.020833
1 0.442969 0.363194 0.015625 0.020833
0 0.896875 0.394444 0.014062 0.019444
0 0.864453 0.393056 0.014844 0.022222
