0 0.893750 0.807639 0.029687 0.029167
0 0.885156 0.381250 0.017188 0.015278
0 0.969141 0.504861 0.024219 0.020833
0 0.021484 0.432639 0.022656 0.045833
0 0.342187 0.335417 0.020312 0.023611
0 0.327734 0.381944 0.017969 0.033333
0 0.294531 0.375000 0.018750 0.025000
0 0.301953 0.385417 0.011719 0.018056
1 0.494531 0.354861 0.018750 0.020833
1 0.481250 0.366667 0.001563 0.002778
0 0.355469 0.352083 0.017188 0.031944
0 0.375391 0.345833 0.019531 0.044444
0 0.405469 0.345833 0.015625 0.036111
0 0.400391 0.368056 0.032031 0.016667
0 0.426562 0.350000 0.018750 0.027778
0 0.433594 0.358333 0.028125 0.011111
0 0.442969 0.280556 0.012500 0.013889
0 0.453125 0.352083 0.010937 0.031944
0 0.446484 0.335417 0.011719 0.020833
0 0.449219 0.369444 0.029687 0.013889
0 0.440625 0.387500 0.010937 0.022222
1 0.347656 0.396528 0.012500 0.023611
1 0.355469 0.406944 0.007813 0.016667
1 0.371875 0.393056 0.010937 0.022222
1 0.387109 0.400694 0.010156 0.015278
1 0.375781 0.408333 0.009375 0.022222
0 0.462500 0.339583 0.006250 0.012500
