0 0.236719 0.265972 0.045313 0.068056
0 0.283203 0.340278 0.067969 0.055556
0 0.364453 0.331944 0.046094 0.077778
0 0.481641 0.334722 0.046094 0.058333
0 0.408594 0.411111 0.054688 0.058333
0 0.427344 0.434722 0.039063 0.050000
0 0.377344 0.482639 0.048437 0.095833
0 0.246484 0.659028 0.057031 0.062500
0 0.301953 0.711806 0.028906 0.043056
0 0.368750 0.686806 0.048437 0.056944
0 0.603516 0.301389 0.041406 0.127778
0 0.652734 0.297917 0.035156 0.059722
0 0.785156 0.372917 0.042188 0.087500
0 0.644141 0.395139 0.028906 0.065278
0 0.662891 0.429861 0.028906 0.051389
0 0.675391 0.514583 0.033594 0.040278
0 0.663672 0.595139 0.039844 0.068056
0 0.648438 0.625694 0.012500 0.031944
0 0.515234 0.527778 0.047656 0.088889
0 0.563281 0.500694 0.045313 0.040278
0 0.548828 0.744444 0.030469 0.047222
0 0.507422 0.748611 0.039844 0.033333
0 0.608203 0.458333 0.057031 0.066667
0 0.572266 0.378472 0.044531 0.087500
0 0.511328 0.422222 0.036719 0.075000
0 0.372656 0.727083 0.029687 0.040278
0 0.441016 0.722222 0.035156 0.050000
0 0.476953 0.775000 0.030469 0.038889
0 0.509375 0.713889 0.026563 0.036111
0 0.543750 0.790972 0.026563 0.034722
0 0.492188 0.395833 0.023438 0.052778
0 0.551562 0.432639 0.018750 0.054167
0 0.553906 0.535417 0.018750 0.034722
0 0.569141 0.563889 0.025781 0.044444
0 0.582422 0.596528 0.019531 0.029167
0 0.692969 0.478472 0.014062 0.043056
0 0.687891 0.547917 0.024219 0.043056
0 0.671875 0.484028 0.026563 0.037500
0 0.639453 0.504861 0.036719 0.040278
