0 0.719922 0.481944 0.032031 0.077778
0 0.428516 0.095833 0.035156 0.066667
0 0.342969 0.512500 0.029687 0.055556
0 0.375391 0.776389 0.038281 0.047222
0 0.414844 0.800694 0.023438 0.045833
0 0.462500 0.773611 0.031250 0.047222
0 0.602344 0.786806 0.025000 0.037500
0 0.423047 0.515972 0.033594 0.051389
0 0.507422 0.502778 0.024219 0.063889
0 0.460547 0.567361 0.039844 0.051389
0 0.480469 0.582639 0.028125 0.048611
0 0.448438 0.623611 0.039063 0.055556
0 0.590234 0.453472 0.017969 0.076389
0 0.621875 0.445833 0.021875 0.038889
0 0.637500 0.517361 0.040625 0.068056
0 0.664844 0.659028 0.032812 0.040278
0 0.664453 0.591667 0.021094 0.038889
0 0.535547 0.557639 0.028906 0.062500
0 0.551562 0.625000 0.034375 0.072222
0 0.580859 0.608333 0.033594 0.025000
0 0.373047 0.543750 0.038281 0.051389
0 0.468750 0.804167 0.026563 0.030556
0 0.519531 0.789583 0.029687 0.037500
0 0.550391 0.824306 0.017969 0.034722
0 0.569141 0.774306 0.022656 0.026389
0 0.569922 0.793750 0.021094 0.034722
0 0.600391 0.824306 0.019531 0.031944
0 0.520312 0.544444 0.010937 0.038889
0 0.576953 0.513194 0.035156 0.059722
0 0.580859 0.629167 0.013281 0.025000
0 0.594531 0.649306 0.017188 0.034722
0 0.566016 0.554861 0.016406 0.045833
0 0.607422 0.668750 0.016406 0.020833
0 0.609766 0.563194 0.041406 0.056944
0 0.639063 0.595833 0.023438 0.038889
0 0.677734 0.613889 0.022656 0.030556
0 0.672656 0.568750 0.015625 0.034722
0 0.658984 0.570833 0.014844 0.030556
