0 0.398438 0.767361 0.032812 0.070833
0 0.347656 0.724306 0.037500 0.104167
0 0.599609 0.662500 0.066406 0.036111
0 0.131250 0.665278 0.056250 0.083333
0 0.267969 0.472917 0.028125 0.070833
0 0.730469 0.195833 0.025000 0.044444
0 0.804297 0.442361 0.038281 0.073611
0 0.794922 0.487500 0.044531 0.063889
0 0.748047 0.259722 0.030469 0.055556
0 0.716016 0.304167 0.052344 0.061111
0 0.904297 0.561111 0.028906 0.041667
0 0.407031 0.202778 0.018750 0.061111
0 0.356250 0.553472 0.029687 0.059722
0 0.277734 0.667361 0.038281 0.120833
0 0.275000 0.783333 0.075000 0.080556
0 0.316016 0.616667 0.052344 0.069444
0 0.436719 0.599306 0.032812 0.034722
0 0.464453 0.629861 0.036719 0.056944
0 0.522266 0.632639 0.069531 0.034722
0 0.504687 0.668750 0.059375 0.045833
0 0.533984 0.703472 0.041406 0.059722
0 0.564844 0.890278 0.037500 0.063889
0 0.644531 0.900694 0.046875 0.087500
0 0.679688 0.972222 0.048437 0.055556
0 0.411328 0.680556 0.025781 0.066667
0 0.432813 0.731944 0.032812 0.072222
0 0.387109 0.675000 0.030469 0.066667
0 0.203906 0.438889 0.039063 0.055556
0 0.223828 0.565278 0.025781 0.077778
0 0.320313 0.484028 0.026563 0.068056
0 0.294531 0.477778 0.021875 0.058333
1 0.585938 0.493056 0.035937 0.061111
1 0.542188 0.395139 0.050000 0.084722
1 0.714844 0.468056 0.051562 0.080556
0 0.365234 0.343750 0.035156 0.048611
0 0.304688 0.329167 0.048437 0.069444
0 0.334766 0.327778 0.022656 0.027778
0 0.330469 0.347917 0.023438 0.029167
0 0.335156 0.361111 0.021875 0.027778
0 0.614844 0.094444 0.040625 0.063889
0 0.579687 0.059028 0.026563 0.043056
0 0.583984 0.111806 0.021094 0.062500
1 0.489844 0.959028 0.067188 0.081944
1 0.546094 0.095833 0.065625 0.155556
1 0.546484 0.272222 0.057031 0.091667
1 0.566406 0.225694 0.167187 0.137500
1 0.462891 0.370833 0.013281 0.033333
1 0.526953 0.011806 0.013281 0.023611
1 0.637109 0.702083 0.036719 0.051389
0 0.235547 0.398611 0.011719 0.033333
0 0.287109 0.120833 0.011719 0.022222
0 0.779688 0.415972 0.015625 0.023611
0 0.617578 0.788194 0.011719 0.018056
0 0.645703 0.232639 0.028906 0.056944
0 0.814453 0.162500 0.028906 0.050000
