0 0.344531 0.328472 0.051562 0.079167
0 0.536719 0.294444 0.043750 0.055556
0 0.501562 0.278472 0.040625 0.040278
0 0.977734 0.411111 0.042969 0.047222
0 0.900391 0.432639 0.075781 0.059722
0 0.364453 0.703472 0.071094 0.045833
0 0.251563 0.333333 0.040625 0.027778
0 0.609375 0.194444 0.026563 0.038889
0 0.677344 0.465278 0.032812 0.080556
0 0.702734 0.547917 0.075781 0.095833
0 0.651563 0.558333 0.032812 0.138889
0 0.778516 0.649306 0.067969 0.029167
0 0.728906 0.705556 0.076563 0.041667
0 0.687500 0.635417 0.050000 0.040278
0 0.620703 0.732639 0.042969 0.070833
0 0.669141 0.774306 0.088281 0.054167
0 0.773828 0.772222 0.060156 0.055556
0 0.771484 0.806250 0.038281 0.037500
0 0.662891 0.917361 0.061719 0.081944
0 0.571094 0.689583 0.050000 0.065278
0 0.353516 0.737500 0.060156 0.066667
0 0.740234 0.622222 0.047656 0.047222
0 0.689062 0.661111 0.045313 0.030556
0 0.367188 0.666667 0.023438 0.050000
0 0.240234 0.624306 0.035156 0.040278
0 0.185937 0.454861 0.040625 0.034722
0 0.144531 0.463194 0.039063 0.045833
0 0.280469 0.286111 0.032812 0.041667
0 0.407031 0.798611 0.029687 0.030556
0 0.446094 0.839583 0.029687 0.051389
0 0.570313 0.817361 0.048437 0.034722
0 0.494531 0.718750 0.034375 0.056944
0 0.490234 0.740972 0.036719 0.037500
0 0.487500 0.771528 0.051562 0.031944
0 0.621094 0.606944 0.037500 0.050000
1 0.719531 0.426389 0.045313 0.047222
1 0.961719 0.577083 0.057813 0.079167
1 0.513281 0.352778 0.060938 0.066667
1 0.527734 0.470833 0.044531 0.052778
1 0.433594 0.506250 0.056250 0.070833
1 0.332031 0.429861 0.196875 0.151389
1 0.074219 0.502083 0.025000 0.020833
1 0.399609 0.579167 0.014844 0.019444
1 0.172656 0.504861 0.010937 0.015278
0 0.472656 0.293056 0.018750 0.030556
1 0.340234 0.517361 0.013281 0.018056
1 0.278125 0.515972 0.009375 0.018056
0 0.669531 0.234028 0.017188 0.018056
0 0.891406 0.504861 0.050000 0.051389
