0 0.342187 0.418056 0.028125 0.050000
0 0.239063 0.132639 0.032812 0.068056
0 0.521094 0.499306 0.025000 0.031944
0 0.508203 0.534722 0.024219 0.047222
0 0.533594 0.548611 0.046875 0.044444
0 0.492969 0.572917 0.029687 0.040278
0 0.632813 0.488889 0.028125 0.027778
0 0.533594 0.636111 0.040625 0.030556
0 0.564844 0.608333 0.040625 0.027778
0 0.559766 0.665278 0.032031 0.030556
0 0.521094 0.604861 0.029687 0.031944
0 0.675000 0.481250 0.035937 0.020833
0 0.629297 0.532639 0.035156 0.037500
0 0.457422 0.625694 0.024219 0.020833
0 0.491016 0.735417 0.032031 0.037500
0 0.338672 0.625694 0.035156 0.026389
0 0.326953 0.645139 0.035156 0.045833
0 0.264453 0.584028 0.033594 0.029167
0 0.431250 0.390278 0.028125 0.027778
0 0.489453 0.356944 0.019531 0.022222
0 0.307813 0.388889 0.020312 0.019444
0 0.283984 0.415972 0.022656 0.023611
0 0.240234 0.485417 0.021094 0.020833
0 0.215234 0.492361 0.022656 0.040278
0 0.551562 0.590278 0.021875 0.027778
0 0.553906 0.684722 0.023438 0.022222
0 0.447266 0.691667 0.025781 0.025000
0 0.504297 0.670833 0.058594 0.027778
0 0.478906 0.645139 0.018750 0.037500
0 0.410937 0.640278 0.021875 0.025000
0 0.404297 0.652778 0.024219 0.016667
0 0.403516 0.666667 0.030469 0.027778
0 0.379687 0.700000 0.015625 0.027778
0 0.338281 0.609028 0.015625 0.026389
0 0.358984 0.681944 0.011719 0.016667
1 0.901953 0.665972 0.041406 0.031944
1 0.657812 0.567361 0.026563 0.043056
1 0.766406 0.336806 0.115625 0.073611
1 0.185156 0.234028 0.367188 0.120833
1 0.383984 0.516667 0.028906 0.050000
1 0.435937 0.429861 0.040625 0.037500
1 0.437500 0.498611 0.023438 0.030556
1 0.571094 0.093056 0.146875 0.186111
1 0.484766 0.088194 0.099219 0.173611
1 0.543750 0.490278 0.025000 0.036111
1 0.327344 0.472917 0.112500 0.090278
1 0.446875 0.355556 0.073437 0.063889
1 0.481250 0.405556 0.079687 0.041667
1 0.515625 0.445833 0.129688 0.086111
