0 0.462891 0.559028 0.038281 0.043056
0 0.503125 0.568056 0.035937 0.055556
0 0.570703 0.575000 0.036719 0.041667
0 0.535156 0.582639 0.037500 0.034722
0 0.548437 0.623611 0.023438 0.036111
1 0.589844 0.611806 0.028125 0.031944
1 0.381250 0.631944 0.026563 0.027778
1 0.356250 0.634028 0.034375 0.037500
1 0.389062 0.622917 0.018750 0.023611
1 0.641016 0.570139 0.049219 0.037500
1 0.634375 0.598611 0.045313 0.022222
1 0.666016 0.597222 0.021094 0.038889
1 0.633203 0.611111 0.046094 0.030556
1 0.687500 0.594444 0.023438 0.025000
0 0.601953 0.572222 0.022656 0.027778
0 0.599609 0.590972 0.014844 0.020833
0 0.610547 0.536806 0.000781 0.001389
0 0.607813 0.549306 0.010937 0.018056
0 0.709766 0.604861 0.014844 0.031944
0 0.743359 0.583333 0.017969 0.022222
0 0.316016 0.611806 0.049219 0.045833
0 0.323828 0.576389 0.036719 0.019444
0 0.289063 0.575000 0.020312 0.022222
0 0.235156 0.610417 0.023438 0.034722
