0 0.300000 0.343056 0.020312 0.027778
0 0.294141 0.411111 0.025781 0.027778
0 0.259766 0.325000 0.016406 0.022222
0 0.230078 0.435417 0.022656 0.020833
0 0.282031 0.438194 0.021875 0.023611
0 0.688281 0.338194 0.025000 0.031944
0 0.483594 0.325000 0.057813 0.063889
0 0.433594 0.316667 0.026563 0.033333
0 0.425391 0.274306 0.024219 0.031944
0 0.611719 0.309028 0.045313 0.037500
0 0.571875 0.320833 0.023438 0.052778
0 0.534375 0.307639 0.034375 0.034722
0 0.542188 0.327083 0.032812 0.029167
0 0.590625 0.343056 0.029687 0.030556
0 0.645312 0.356250 0.017188 0.023611
0 0.667188 0.396528 0.026563 0.034722
0 0.626953 0.378472 0.016406 0.037500
0 0.610156 0.420833 0.040625 0.047222
0 0.579297 0.419444 0.021094 0.052778
0 0.568359 0.358333 0.017969 0.036111
0 0.288672 0.352083 0.019531 0.034722
0 0.461328 0.277778 0.022656 0.025000
0 0.571094 0.213889 0.017188 0.044444
0 0.521094 0.340278 0.021875 0.036111
0 0.524219 0.461806 0.028125 0.045833
0 0.559766 0.419444 0.032031 0.030556
0 0.592188 0.375694 0.021875 0.034722
0 0.610156 0.378472 0.021875 0.026389
0 0.355859 0.448611 0.019531 0.033333
0 0.358594 0.486111 0.034375 0.041667
0 0.384766 0.477083 0.019531 0.029167
0 0.380859 0.497222 0.025781 0.033333
1 0.502344 0.267361 0.029687 0.034722
1 0.412109 0.308333 0.019531 0.027778
1 0.422266 0.363194 0.025781 0.031944
1 0.444531 0.385417 0.034375 0.034722
1 0.340625 0.347917 0.035937 0.045833
1 0.329688 0.391667 0.042188 0.022222
1 0.414453 0.442361 0.107031 0.056944
1 0.427344 0.425000 0.050000 0.041667
1 0.366797 0.235417 0.089844 0.143056
1 0.347266 0.289583 0.036719 0.048611
1 0.348828 0.361111 0.041406 0.130556
