0 0.716016 0.341667 0.032031 0.047222
0 0.614844 0.127083 0.014062 0.034722
0 0.450391 0.211806 0.019531 0.029167
0 0.456641 0.238889 0.019531 0.038889
0 0.491797 0.239583 0.024219 0.029167
0 0.296484 0.310417 0.014844 0.023611
0 0.274609 0.467361 0.022656 0.026389
0 0.338672 0.338889 0.019531 0.038889
0 0.325781 0.352778 0.017188 0.036111
0 0.328125 0.468750 0.015625 0.029167
0 0.414844 0.525694 0.014062 0.034722
0 0.391406 0.540278 0.029687 0.041667
0 0.411719 0.561806 0.023438 0.031944
0 0.390625 0.493056 0.020312 0.030556
0 0.351563 0.427083 0.031250 0.034722
0 0.542969 0.513194 0.017188 0.037500
0 0.580078 0.452778 0.021094 0.025000
0 0.602734 0.454167 0.019531 0.033333
0 0.620313 0.467361 0.029687 0.037500
0 0.685547 0.421528 0.021094 0.026389
0 0.669922 0.373611 0.016406 0.030556
0 0.646484 0.398611 0.019531 0.033333
0 0.641016 0.289583 0.041406 0.043056
0 0.637500 0.332639 0.020312 0.048611
0 0.616016 0.343750 0.024219 0.031944
0 0.592969 0.362500 0.014062 0.036111
0 0.616016 0.393056 0.017969 0.036111
0 0.630859 0.400694 0.017969 0.029167
0 0.599219 0.306250 0.023438 0.045833
0 0.571094 0.285417 0.020312 0.043056
0 0.555859 0.293750 0.017969 0.034722
0 0.578125 0.312500 0.017188 0.033333
0 0.564062 0.316667 0.025000 0.033333
0 0.548437 0.340972 0.023438 0.023611
0 0.531641 0.328472 0.025781 0.031944
0 0.521094 0.316667 0.021875 0.036111
0 0.497266 0.285417 0.019531 0.026389
0 0.494531 0.321528 0.031250 0.029167
0 0.502734 0.305556 0.027344 0.025000
0 0.664453 0.438194 0.011719 0.020833
1 0.440625 0.286806 0.015625 0.026389
0 0.462500 0.303472 0.028125 0.043056
0 0.381641 0.463889 0.011719 0.016667
1 0.452734 0.363194 0.019531 0.031944
1 0.471094 0.404861 0.039063 0.045833
1 0.531641 0.226389 0.035156 0.044444
1 0.455078 0.459028 0.038281 0.043056
1 0.405469 0.350694 0.064062 0.126389
1 0.376953 0.350000 0.025781 0.052778
1 0.384375 0.384028 0.031250 0.048611
1 0.436719 0.519444 0.031250 0.047222
1 0.442187 0.478472 0.104687 0.045833
1 0.455078 0.506944 0.024219 0.025000
1 0.377734 0.427083 0.017969 0.043056
1 0.439453 0.595833 0.014844 0.027778
1 0.517187 0.431944 0.009375 0.022222
0 0.326953 0.438194 0.016406 0.026389
