0 0.178906 0.376389 0.026563 0.036111
0 0.397266 0.354167 0.016406 0.030556
0 0.464063 0.328472 0.015625 0.020833
0 0.468750 0.344444 0.020312 0.019444
0 0.490234 0.327083 0.016406 0.015278
0 0.615234 0.353472 0.014844 0.029167
0 0.530469 0.340972 0.020312 0.023611
0 0.548047 0.342361 0.016406 0.029167
0 0.575000 0.341667 0.025000 0.025000
0 0.588672 0.361806 0.011719 0.015278
0 0.570703 0.368750 0.014844 0.020833
0 0.551953 0.382639 0.021094 0.018056
0 0.396484 0.381250 0.025781 0.023611
0 0.364453 0.381944 0.008594 0.022222
0 0.425391 0.385417 0.013281 0.012500
0 0.438672 0.393750 0.008594 0.009722
0 0.437109 0.402083 0.013281 0.018056
0 0.425000 0.400694 0.015625 0.018056
0 0.510938 0.395139 0.010937 0.015278
0 0.533594 0.377778 0.010937 0.019444
0 0.546875 0.361806 0.001563 0.004167
0 0.544922 0.356250 0.008594 0.015278
0 0.594141 0.372917 0.014844 0.018056
0 0.557813 0.361806 0.010937 0.018056
0 0.564062 0.349306 0.023438 0.020833
0 0.375000 0.345139 0.009375 0.012500
1 0.954297 0.601389 0.025781 0.027778
1 0.513281 0.320833 0.021875 0.027778
1 0.469141 0.368056 0.019531 0.022222
1 0.460938 0.379861 0.021875 0.023611
1 0.423828 0.304861 0.017969 0.045833
1 0.440234 0.275000 0.032031 0.052778
1 0.417578 0.345833 0.019531 0.033333
1 0.434375 0.367361 0.035937 0.040278
0 0.501562 0.348611 0.042188 0.027778
