0 0.478125 0.359028 0.035937 0.040278
0 0.447266 0.323611 0.017969 0.030556
0 0.116016 0.422222 0.044531 0.047222
1 0.332031 0.420833 0.018750 0.022222
1 0.344531 0.368056 0.015625 0.033333
1 0.400000 0.454861 0.017188 0.031944
1 0.414453 0.444444 0.011719 0.013889
1 0.411328 0.462500 0.016406 0.033333
0 0.369531 0.411806 0.021875 0.040278
0 0.366406 0.372222 0.017188 0.030556
0 0.450000 0.356250 0.023438 0.029167
2 0.498047 0.321528 0.022656 0.026389
2 0.435547 0.347917 0.014844 0.023611
0 0.555078 0.281944 0.010156 0.027778
0 0.607031 0.373611 0.021875 0.022222
0 0.535156 0.356944 0.012500 0.022222
0 0.562109 0.348611 0.024219 0.027778
0 0.559375 0.366667 0.017188 0.036111
0 0.578516 0.386111 0.013281 0.033333
0 0.586719 0.411806 0.012500 0.026389
0 0.540625 0.423611 0.025000 0.027778
0 0.531641 0.378472 0.008594 0.018056
1 0.546875 0.370833 0.017188 0.022222
1 0.543359 0.390278 0.016406 0.027778
1 0.553125 0.399306 0.009375 0.029167
1 0.518359 0.418750 0.014844 0.018056
0 0.562109 0.398611 0.011719 0.019444
0 0.522266 0.352083 0.013281 0.026389
0 0.519141 0.362500 0.013281 0.027778
1 0.510156 0.354167 0.010937 0.019444
0 0.502344 0.368750 0.012500 0.023611
0 0.494141 0.445139 0.010156 0.023611
2 0.450391 0.399306 0.017969 0.029167
2 0.440234 0.383333 0.013281 0.022222
2 0.411328 0.323611 0.046094 0.069444
2 0.401563 0.342361 0.018750 0.040278
2 0.393750 0.370833 0.017188 0.036111
2 0.399219 0.411806 0.028125 0.065278
2 0.437891 0.425694 0.060156 0.040278
