1 0.193750 0.602083 0.035937 0.037500
1 0.423828 0.434722 0.044531 0.041667
1 0.435547 0.547917 0.041406 0.031944
1 0.505469 0.461806 0.023438 0.020833
2 0.608594 0.409028 0.040625 0.056944
2 0.122656 0.055556 0.034375 0.038889
2 0.455469 0.413889 0.017188 0.033333
1 0.472266 0.400694 0.014844 0.026389
1 0.460547 0.400694 0.011719 0.029167
1 0.460938 0.432639 0.023438 0.031944
0 0.451953 0.923611 0.027344 0.091667
0 0.471094 0.980556 0.057813 0.038889
0 0.544141 0.831250 0.050781 0.056944
0 0.613281 0.918750 0.048437 0.062500
0 0.646094 0.912500 0.023438 0.063889
0 0.689062 0.981250 0.035937 0.037500
0 0.601563 0.972917 0.031250 0.048611
0 0.816797 0.754861 0.041406 0.068056
0 0.968750 0.546528 0.042188 0.040278
0 0.875781 0.596528 0.035937 0.048611
0 0.817187 0.624306 0.021875 0.040278
0 0.729297 0.575694 0.022656 0.031944
0 0.293359 0.426389 0.028906 0.055556
0 0.257422 0.452083 0.044531 0.062500
0 0.283594 0.371528 0.032812 0.045833
0 0.324609 0.426389 0.017969 0.025000
0 0.386328 0.495833 0.024219 0.033333
0 0.386328 0.450694 0.019531 0.023611
0 0.441797 0.486111 0.016406 0.027778
0 0.395312 0.580556 0.018750 0.038889
0 0.178125 0.538194 0.026563 0.034722
1 0.567969 0.396528 0.018750 0.023611
1 0.687891 0.572917 0.024219 0.040278
0 0.474609 0.525000 0.017969 0.033333
