0 0.158594 0.471528 0.029687 0.062500
0 0.175000 0.560417 0.054688 0.062500
0 0.303516 0.347917 0.038281 0.051389
0 0.258203 0.379861 0.050781 0.045833
0 0.413281 0.389583 0.023438 0.062500
0 0.413281 0.447222 0.021875 0.050000
0 0.281250 0.279167 0.014062 0.030556
0 0.410937 0.287500 0.021875 0.047222
0 0.419922 0.540972 0.022656 0.029167
0 0.334766 0.343750 0.016406 0.031944
0 0.850391 0.568750 0.032031 0.034722
0 0.984375 0.808333 0.029687 0.052778
0 0.974219 0.833333 0.037500 0.052778
0 0.597656 0.863889 0.064062 0.058333
0 0.480469 0.960417 0.028125 0.079167
0 0.675000 0.972222 0.031250 0.055556
0 0.731641 0.976389 0.028906 0.038889
0 0.782422 0.572917 0.049219 0.054167
0 0.830469 0.615278 0.017188 0.038889
0 0.855078 0.667361 0.025781 0.023611
0 0.987109 0.646528 0.024219 0.051389
0 0.473047 0.508333 0.042969 0.036111
0 0.477734 0.432639 0.014844 0.034722
0 0.464844 0.372222 0.039063 0.050000
0 0.639844 0.331944 0.028125 0.025000
0 0.558203 0.400694 0.033594 0.031944
0 0.295703 0.288889 0.011719 0.019444
0 0.520703 0.335417 0.017969 0.031944
0 0.501953 0.333333 0.017969 0.030556
0 0.515625 0.487500 0.021875 0.027778
0 0.515234 0.514583 0.016406 0.023611
0 0.699219 0.897222 0.014062 0.027778
0 0.647656 0.427778 0.015625 0.025000
0 0.648047 0.646528 0.010156 0.029167
1 0.324219 0.030556 0.028125 0.058333
1 0.688672 0.348611 0.047656 0.075000
1 0.666797 0.285417 0.061719 0.054167
1 0.616016 0.377778 0.061719 0.077778
1 0.606250 0.472222 0.039063 0.066667
1 0.559375 0.445833 0.042188 0.041667
1 0.510156 0.404167 0.032812 0.058333
0 0.503125 0.371528 0.031250 0.034722
1 0.495703 0.343750 0.027344 0.040278
1 0.495313 0.485417 0.026563 0.045833
1 0.559766 0.513194 0.044531 0.070833
1 0.771484 0.181944 0.319531 0.130556
1 0.544141 0.154861 0.192969 0.165278
1 0.569922 0.249306 0.096094 0.081944
1 0.237500 0.200694 0.017188 0.029167
