2 0.108984 0.264583 0.022656 0.018056
2 0.481641 0.602778 0.030469 0.063889
2 0.393359 0.571528 0.022656 0.031944
2 0.538281 0.622222 0.081250 0.036111
2 0.454688 0.618750 0.029687 0.034722
2 0.429297 0.599306 0.024219 0.026389
2 0.409766 0.593056 0.016406 0.036111
2 0.731641 0.238889 0.019531 0.063889
2 0.760156 0.304167 0.018750 0.063889
2 0.780469 0.383333 0.017188 0.050000
2 0.895312 0.287500 0.018750 0.052778
2 0.918750 0.668056 0.060938 0.033333
0 0.957031 0.699306 0.034375 0.034722
0 0.764844 0.599306 0.032812 0.031944
0 0.733984 0.593056 0.027344 0.044444
0 0.707422 0.605556 0.030469 0.033333
0 0.678125 0.602083 0.020312 0.031944
0 0.691406 0.639583 0.018750 0.037500
0 0.639453 0.566667 0.017969 0.027778
0 0.601172 0.565278 0.055469 0.044444
0 0.610547 0.601389 0.032031 0.038889
0 0.545313 0.559722 0.032812 0.022222
0 0.545313 0.579167 0.035937 0.027778
0 0.441406 0.581250 0.020312 0.029167
0 0.469531 0.565278 0.017188 0.019444
0 0.513672 0.570833 0.016406 0.025000
2 0.519141 0.585417 0.017969 0.029167
1 0.557031 0.598611 0.051562 0.047222
0 0.393750 0.592361 0.012500 0.018056
0 0.350391 0.580556 0.016406 0.030556
0 0.325781 0.589583 0.021875 0.029167
0 0.296094 0.598611 0.014062 0.022222
0 0.168750 0.604861 0.029687 0.043056
0 0.217187 0.651389 0.025000 0.036111
0 0.090625 0.643056 0.032812 0.050000
