0 0.217969 0.254167 0.043750 0.033333
0 0.202344 0.307639 0.029687 0.062500
0 0.504687 0.165972 0.026563 0.054167
0 0.942187 0.252778 0.023438 0.027778
0 0.876562 0.262500 0.018750 0.030556
0 0.477734 0.170139 0.024219 0.029167
0 0.491797 0.210417 0.022656 0.054167
0 0.439063 0.164583 0.021875 0.037500
0 0.155469 0.318750 0.021875 0.040278
0 0.429297 0.256250 0.019531 0.029167
0 0.449609 0.263194 0.014844 0.043056
0 0.440234 0.274306 0.011719 0.051389
0 0.586719 0.370833 0.017188 0.044444
0 0.561719 0.385417 0.020312 0.034722
0 0.612891 0.327778 0.021094 0.038889
0 0.632031 0.350000 0.025000 0.030556
0 0.475781 0.241667 0.014062 0.033333
0 0.566016 0.506250 0.013281 0.045833
0 0.712891 0.638194 0.016406 0.056944
0 0.538281 0.170833 0.026563 0.030556
0 0.420703 0.059028 0.017969 0.034722
0 0.344922 0.085417 0.019531 0.026389
0 0.501953 0.382639 0.016406 0.018056
0 0.547266 0.390278 0.010156 0.019444
0 0.438672 0.350694 0.011719 0.029167
0 0.283203 0.337500 0.025781 0.030556
0 0.332422 0.264583 0.022656 0.023611
0 0.405859 0.182639 0.016406 0.031944
0 0.426172 0.140278 0.019531 0.033333
0 0.467969 0.208333 0.018750 0.036111
0 0.501562 0.357639 0.017188 0.026389
0 0.464844 0.339583 0.026563 0.023611
0 0.460938 0.367361 0.010937 0.018056
0 0.470313 0.386806 0.023438 0.031944
0 0.450000 0.389583 0.021875 0.015278
0 0.442578 0.400694 0.025781 0.026389
1 0.451562 0.349306 0.009375 0.026389
1 0.442969 0.375694 0.017188 0.023611
1 0.412891 0.340278 0.025781 0.044444
1 0.339453 0.391667 0.025781 0.036111
1 0.386719 0.350694 0.026563 0.034722
1 0.381250 0.379861 0.034375 0.040278
0 0.366016 0.398611 0.019531 0.022222
1 0.351953 0.415278 0.032031 0.030556
1 0.711328 0.559722 0.019531 0.025000
1 0.431641 0.461111 0.108594 0.083333
0 0.504687 0.417361 0.012500 0.015278
1 0.367188 0.445833 0.123438 0.069444
1 0.265234 0.408333 0.078906 0.058333
1 0.008203 0.343750 0.016406 0.040278
0 0.596094 0.376389 0.009375 0.022222
0 0.581641 0.413194 0.011719 0.018056
1 0.414063 0.363889 0.020312 0.019444
0 0.415234 0.375000 0.019531 0.022222
0 0.521484 0.165278 0.014844 0.027778
1 0.299609 0.282639 0.011719 0.020833
0 0.492578 0.332639 0.010156 0.015278
0 0.125781 0.529861 0.010937 0.023611
0 0.924219 0.786806 0.037500 0.040278
