2 0.835156 0.514583 0.021875 0.029167
2 0.476563 0.341667 0.026563 0.036111
2 0.451953 0.338194 0.019531 0.040278
2 0.444922 0.369444 0.033594 0.033333
2 0.399609 0.370833 0.024219 0.036111
2 0.414063 0.390972 0.034375 0.023611
2 0.528906 0.431944 0.035937 0.047222
2 0.477734 0.437500 0.067969 0.086111
2 0.461719 0.415972 0.067188 0.056944
2 0.359766 0.385417 0.057031 0.062500
2 0.408203 0.406944 0.061719 0.016667
0 0.086328 0.318056 0.035156 0.036111
0 0.038281 0.437500 0.031250 0.033333
0 0.294141 0.275694 0.024219 0.029167
0 0.258594 0.277083 0.023438 0.023611
0 0.271484 0.302778 0.024219 0.038889
0 0.235156 0.315972 0.020312 0.045833
0 0.414453 0.229167 0.021094 0.038889
0 0.851172 0.593056 0.014844 0.033333
0 0.663281 0.370139 0.026563 0.020833
0 0.639063 0.378472 0.018750 0.037500
0 0.707422 0.352778 0.019531 0.036111
0 0.561719 0.254167 0.014062 0.047222
1 0.394531 0.283333 0.023438 0.025000
1 0.346875 0.333333 0.018750 0.022222
0 0.183984 0.467361 0.019531 0.034722
1 0.489844 0.213889 0.021875 0.022222
0 0.502344 0.228472 0.021875 0.037500
0 0.540625 0.229167 0.023438 0.030556
0 0.550391 0.248611 0.014844 0.033333
0 0.537500 0.263889 0.020312 0.038889
2 0.569141 0.350694 0.014844 0.029167
1 0.568750 0.371528 0.009375 0.015278
0 0.485156 0.161806 0.012500 0.023611
0 0.472656 0.234722 0.007813 0.016667
0 0.487500 0.275000 0.023438 0.027778
0 0.499609 0.292361 0.016406 0.018056
0 0.514844 0.294444 0.017188 0.033333
0 0.574609 0.220833 0.033594 0.036111
0 0.600781 0.227083 0.014062 0.023611
0 0.689844 0.335417 0.021875 0.026389
0 0.533984 0.334722 0.016406 0.019444
2 0.514453 0.347222 0.016406 0.033333
2 0.507422 0.362500 0.010156 0.016667
1 0.508984 0.381944 0.024219 0.022222
1 0.538672 0.368750 0.030469 0.031944
1 0.503516 0.347917 0.013281 0.034722
1 0.479688 0.366667 0.017188 0.025000
1 0.429688 0.378472 0.012500 0.006944
0 0.650391 0.461806 0.017969 0.043056
0 0.619531 0.383333 0.010937 0.030556
