0 0.569531 0.895833 0.128125 0.119444
0 0.286719 0.802778 0.135937 0.141667
0 0.597266 0.753472 0.102344 0.115278
1 0.888281 0.790278 0.032812 0.086111
1 0.777734 0.709722 0.033594 0.091667
1 0.326562 0.671528 0.043750 0.065278
1 0.255078 0.582639 0.024219 0.043056
1 0.282813 0.596528 0.028125 0.048611
1 0.237891 0.625000 0.058594 0.050000
1 0.624219 0.506944 0.021875 0.036111
1 0.650391 0.518750 0.019531 0.054167
1 0.682031 0.537500 0.029687 0.058333
1 0.588672 0.468056 0.022656 0.033333
1 0.666406 0.604167 0.048437 0.036111
1 0.623828 0.552778 0.022656 0.044444
0 0.629687 0.427083 0.034375 0.054167
1 0.718359 0.581944 0.021094 0.055556
1 0.745313 0.499306 0.018750 0.029167
1 0.700391 0.619444 0.019531 0.038889
0 0.853125 0.483333 0.037500 0.044444
0 0.704297 0.454861 0.044531 0.048611
0 0.040234 0.779167 0.080469 0.213889
0 0.025000 0.646528 0.050000 0.093056
0 0.078125 0.554861 0.060938 0.104167
0 0.036719 0.515278 0.050000 0.086111
0 0.039453 0.345139 0.067969 0.087500
0 0.096875 0.427083 0.054688 0.076389
0 0.139844 0.377083 0.040625 0.065278
0 0.146484 0.485417 0.057031 0.056944
0 0.208203 0.501389 0.072656 0.055556
0 0.181250 0.631250 0.078125 0.129167
0 0.286328 0.550694 0.042969 0.054167
0 0.368750 0.554861 0.046875 0.068056
0 0.572266 0.581944 0.039844 0.055556
0 0.567969 0.652778 0.043750 0.058333
0 0.525781 0.665278 0.040625 0.066667
0 0.543750 0.585417 0.054688 0.065278
0 0.504687 0.608333 0.048437 0.083333
0 0.564062 0.472222 0.046875 0.055556
1 0.530078 0.421528 0.013281 0.031944
1 0.527734 0.440278 0.021094 0.030556
0 0.304688 0.400694 0.045313 0.040278
0 0.341016 0.379861 0.039844 0.034722
0 0.389453 0.361806 0.069531 0.051389
0 0.474219 0.388889 0.050000 0.063889
0 0.415234 0.424306 0.052344 0.065278
1 0.453516 0.429167 0.019531 0.030556
0 0.439063 0.535417 0.048437 0.070833
0 0.439844 0.490972 0.068750 0.068056
0 0.360938 0.450694 0.034375 0.070833
0 0.394531 0.471528 0.028125 0.034722
0 0.246484 0.367361 0.052344 0.065278
0 0.218359 0.410417 0.074219 0.056944
0 0.330859 0.426389 0.019531 0.025000
0 0.267969 0.452778 0.128125 0.038889
0 0.275781 0.481250 0.062500 0.048611
0 0.748828 0.759028 0.052344 0.148611
