1 0.810938 0.223611 0.046875 0.080556
1 0.878516 0.211111 0.069531 0.083333
1 0.251563 0.495833 0.037500 0.066667
1 0.057813 0.715972 0.034375 0.098611
1 0.125391 0.686111 0.049219 0.088889
1 0.164063 0.947917 0.045313 0.084722
1 0.235547 0.833333 0.046094 0.130556
1 0.087109 0.954167 0.032031 0.075000
1 0.291797 0.930556 0.063281 0.086111
1 0.369531 0.404861 0.059375 0.093056
1 0.313672 0.479167 0.046094 0.125000
1 0.376953 0.532639 0.058594 0.087500
1 0.450000 0.432639 0.057813 0.062500
1 0.443359 0.480556 0.067969 0.041667
1 0.976953 0.882639 0.044531 0.093056
1 0.330859 0.590972 0.036719 0.062500
1 0.315625 0.640972 0.046875 0.079167
1 0.289063 0.731944 0.048437 0.069444
1 0.314063 0.765972 0.001563 0.001389
1 0.338672 0.728472 0.053906 0.084722
1 0.672656 0.429861 0.048437 0.073611
1 0.633984 0.459722 0.039844 0.050000
1 0.640234 0.499306 0.050781 0.043056
1 0.742969 0.551389 0.031250 0.108333
1 0.787109 0.604861 0.057031 0.106944
1 0.469531 0.539583 0.048437 0.065278
1 0.499609 0.524306 0.038281 0.059722
1 0.548047 0.531944 0.046094 0.075000
1 0.525000 0.486111 0.073437 0.052778
1 0.519531 0.441667 0.048437 0.072222
1 0.077734 0.781944 0.044531 0.075000
1 0.103516 0.797917 0.057031 0.062500
1 0.151172 0.822222 0.049219 0.111111
1 0.382813 0.802778 0.056250 0.050000
1 0.399609 0.835417 0.044531 0.065278
1 0.323828 0.858333 0.032031 0.072222
1 0.353906 0.872222 0.035937 0.072222
1 0.466016 0.739583 0.047656 0.051389
1 0.493359 0.724306 0.024219 0.045833
1 0.484766 0.840972 0.027344 0.093056
1 0.514844 0.877083 0.032812 0.068056
1 0.551953 0.744444 0.053906 0.075000
1 0.542578 0.804861 0.035156 0.073611
1 0.740625 0.720833 0.051562 0.072222
1 0.725000 0.772917 0.051562 0.056944
1 0.686719 0.780556 0.032812 0.108333
1 0.648438 0.958333 0.054688 0.075000
1 0.637500 0.847222 0.034375 0.091667
1 0.610937 0.797917 0.034375 0.073611
1 0.582422 0.832639 0.050781 0.076389
