1 0.856250 0.163889 0.065625 0.069444
1 0.147266 0.452083 0.083594 0.076389
1 0.072266 0.570139 0.002344 0.001389
1 0.106250 0.602778 0.071875 0.119444
1 0.169141 0.565278 0.047656 0.102778
1 0.262109 0.577083 0.036719 0.123611
1 0.327734 0.455556 0.057031 0.061111
1 0.418750 0.427083 0.004688 0.001389
1 0.460938 0.405556 0.087500 0.041667
1 0.417969 0.373611 0.046875 0.041667
1 0.439063 0.328472 0.078125 0.104167
1 0.607422 0.300694 0.055469 0.068056
1 0.569922 0.403472 0.000781 0.001389
1 0.592578 0.375000 0.053906 0.055556
1 0.598437 0.568056 0.050000 0.050000
1 0.676172 0.475694 0.041406 0.073611
1 0.708594 0.801389 0.037500 0.080556
1 0.623438 0.891667 0.060938 0.069444
1 0.988281 0.282639 0.035937 0.065278
1 0.730469 0.225694 0.059375 0.054167
1 0.700391 0.253472 0.000781 0.001389
1 0.737891 0.263889 0.028906 0.063889
1 0.777344 0.206944 0.048437 0.097222
1 0.740625 0.436111 0.076563 0.050000
1 0.781250 0.487500 0.039063 0.097222
1 0.821875 0.527778 0.050000 0.063889
1 0.848437 0.504167 0.042188 0.072222
1 0.740234 0.529167 0.049219 0.086111
1 0.767969 0.655556 0.060938 0.108333
1 0.809766 0.707639 0.067969 0.068056
1 0.839453 0.890972 0.083594 0.062500
1 0.894141 0.920139 0.033594 0.073611
1 0.846484 0.952083 0.041406 0.095833
1 0.794922 0.977778 0.063281 0.044444
1 0.875391 0.978472 0.036719 0.043056
