1 0.610156 0.296528 0.046875 0.076389
1 0.508203 0.441667 0.044531 0.075000
1 0.401563 0.456250 0.032812 0.056944
1 0.404297 0.541667 0.035156 0.058333
1 0.476563 0.554861 0.039063 0.051389
1 0.420312 0.724306 0.079687 0.095833
1 0.566797 0.520833 0.041406 0.063889
1 0.667578 0.536806 0.050781 0.056944
1 0.561719 0.579861 0.040625 0.040278
1 0.563281 0.643056 0.026563 0.041667
1 0.525391 0.656944 0.024219 0.047222
1 0.607813 0.702083 0.034375 0.070833
1 0.625391 0.630556 0.027344 0.061111
1 0.653516 0.602083 0.025781 0.059722
1 0.735937 0.526389 0.053125 0.063889
1 0.533984 0.875694 0.035156 0.059722
1 0.478516 0.841667 0.032031 0.069444
1 0.410937 0.917361 0.059375 0.073611
1 0.497266 0.735417 0.038281 0.073611
1 0.529688 0.732639 0.025000 0.090278
1 0.208203 0.533333 0.027344 0.077778
1 0.237109 0.518056 0.030469 0.055556
