1 0.535156 0.654167 0.040625 0.061111
1 0.379297 0.695833 0.088281 0.069444
1 0.317969 0.718750 0.042188 0.098611
1 0.439063 0.752778 0.035937 0.086111
1 0.482422 0.818750 0.036719 0.081944
1 0.530469 0.749306 0.046875 0.065278
1 0.576172 0.759028 0.047656 0.068056
1 0.576172 0.799306 0.039844 0.076389
1 0.233984 0.839583 0.044531 0.073611
1 0.303516 0.809028 0.055469 0.051389
1 0.334375 0.847917 0.057813 0.081944
1 0.278906 0.874306 0.048437 0.062500
1 0.493359 0.938889 0.035156 0.091667
1 0.431250 0.963194 0.046875 0.073611
1 0.380469 0.969444 0.045313 0.061111
