0 0.576563 0.676389 0.117188 0.169444
0 0.743750 0.436806 0.026563 0.034722
0 0.705078 0.429861 0.046094 0.048611
0 0.686719 0.358333 0.037500 0.058333
0 0.567187 0.404861 0.026563 0.040278
0 0.600000 0.376389 0.025000 0.036111
0 0.628516 0.372222 0.024219 0.027778
0 0.652344 0.390278 0.018750 0.050000
0 0.599609 0.418056 0.025781 0.050000
0 0.555469 0.353472 0.018750 0.040278
0 0.485547 0.401389 0.039844 0.052778
0 0.515234 0.514583 0.060156 0.081944
0 0.528906 0.372222 0.021875 0.041667
0 0.512891 0.397917 0.016406 0.037500
0 0.584766 0.486806 0.024219 0.040278
0 0.665234 0.426389 0.030469 0.036111
