0 0.142578 0.372222 0.052344 0.086111
0 0.173047 0.429861 0.064844 0.059722
0 0.212500 0.655556 0.064062 0.102778
0 0.144531 0.558333 0.079687 0.116667
0 0.043359 0.499306 0.077344 0.062500
0 0.074219 0.800694 0.098438 0.112500
1 0.025781 0.264583 0.051562 0.073611
1 0.023047 0.944444 0.049219 0.080556
1 0.505859 0.268750 0.050781 0.076389
1 0.212109 0.312500 0.046094 0.069444
1 0.599609 0.368750 0.042969 0.056944
1 0.633594 0.450000 0.045313 0.072222
1 0.686328 0.542361 0.032031 0.034722
1 0.669922 0.562500 0.000781 0.002778
1 0.708594 0.596528 0.034375 0.040278
1 0.635938 0.562500 0.025000 0.041667
1 0.617578 0.789583 0.035156 0.054167
1 0.641016 0.647222 0.041406 0.050000
1 0.532812 0.642361 0.045313 0.059722
1 0.492969 0.663889 0.029687 0.063889
1 0.526172 0.593056 0.028906 0.036111
1 0.528516 0.565972 0.028906 0.040278
1 0.532812 0.527778 0.039063 0.072222
1 0.547266 0.422222 0.028906 0.047222
1 0.573438 0.415972 0.028125 0.043056
1 0.583984 0.613194 0.024219 0.040278
1 0.580859 0.585417 0.036719 0.051389
1 0.565625 0.538889 0.021875 0.030556
1 0.585547 0.524306 0.019531 0.045833
1 0.566016 0.480556 0.027344 0.052778
1 0.812500 0.471528 0.029687 0.040278
1 0.805859 0.499306 0.035156 0.037500
0 0.871094 0.053472 0.029687 0.056944
0 0.769141 0.026389 0.039844 0.038889
