0 0.343359 0.100000 0.049219 0.047222
0 0.374219 0.018056 0.026563 0.036111
0 0.454297 0.021528 0.038281 0.037500
0 0.493359 0.031250 0.017969 0.034722
0 0.465625 0.071528 0.056250 0.045833
0 0.475391 0.234028 0.039844 0.054167
0 0.387891 0.231250 0.024219 0.056944
0 0.350000 0.251389 0.031250 0.052778
0 0.567578 0.556944 0.050781 0.122222
0 0.675000 0.658333 0.079687 0.138889
0 0.701563 0.473611 0.048437 0.083333
0 0.712891 0.223611 0.022656 0.050000
0 0.582812 0.150694 0.023438 0.045833
0 0.560547 0.177083 0.019531 0.040278
0 0.649609 0.190278 0.042969 0.069444
0 0.703906 0.111111 0.046875 0.083333
0 0.644531 0.129861 0.021875 0.034722
0 0.664063 0.128472 0.017188 0.031944
0 0.658594 0.100000 0.021875 0.033333
0 0.698828 0.032639 0.063281 0.051389
0 0.546484 0.047917 0.017969 0.023611
0 0.558203 0.100694 0.027344 0.029167
0 0.234766 0.170833 0.033594 0.052778
0 0.580469 0.735417 0.029687 0.037500
0 0.626172 0.167361 0.017969 0.034722
0 0.735156 0.168750 0.031250 0.031944
0 0.813672 0.125000 0.057031 0.055556
0 0.899609 0.114583 0.047656 0.062500
0 0.706641 0.329861 0.072656 0.068056
0 0.594141 0.185417 0.013281 0.023611
0 0.628516 0.289583 0.033594 0.045833
0 0.576563 0.297917 0.043750 0.048611
0 0.577734 0.345833 0.049219 0.058333
0 0.483594 0.113889 0.017188 0.027778
0 0.476172 0.138194 0.035156 0.045833
0 0.530469 0.198611 0.032812 0.041667
0 0.418750 0.254167 0.026563 0.047222
0 0.427734 0.268750 0.025781 0.051389
0 0.601953 0.087500 0.027344 0.030556
0 0.565625 0.070139 0.018750 0.034722
0 0.550391 0.069444 0.021094 0.033333
