0 0.037500 0.165972 0.029687 0.084722
0 0.012891 0.311806 0.025781 0.079167
0 0.107031 0.361111 0.042188 0.072222
0 0.079687 0.402083 0.051562 0.084722
0 0.153906 0.457639 0.032812 0.076389
0 0.210156 0.411111 0.050000 0.091667
0 0.263281 0.359722 0.039063 0.038889
0 0.365234 0.295139 0.039844 0.043056
0 0.365234 0.369444 0.069531 0.047222
0 0.558984 0.181944 0.036719 0.088889
0 0.469141 0.345833 0.036719 0.055556
0 0.450781 0.388889 0.045313 0.041667
0 0.637500 0.337500 0.032812 0.050000
0 0.735547 0.442361 0.027344 0.045833
0 0.703906 0.454861 0.034375 0.068056
0 0.588281 0.338889 0.025000 0.080556
0 0.557813 0.334722 0.037500 0.036111
0 0.558594 0.363889 0.023438 0.044444
0 0.611328 0.554167 0.036719 0.055556
0 0.429297 0.516667 0.035156 0.050000
0 0.489453 0.476389 0.030469 0.063889
0 0.537109 0.463889 0.047656 0.041667
0 0.556250 0.515972 0.031250 0.076389
0 0.523438 0.533333 0.029687 0.066667
0 0.527344 0.625000 0.040625 0.088889
0 0.650781 0.777083 0.035937 0.045833
0 0.605469 0.908333 0.042188 0.075000
0 0.555859 0.804861 0.017969 0.062500
0 0.461719 0.697917 0.020312 0.059722
0 0.405859 0.721528 0.025781 0.034722
0 0.394141 0.742361 0.041406 0.045833
0 0.325000 0.894444 0.026563 0.080556
0 0.528516 0.774306 0.049219 0.040278
0 0.523828 0.823611 0.028906 0.080556
0 0.536719 0.846528 0.026563 0.043056
0 0.490625 0.840278 0.039063 0.058333
0 0.006250 0.242361 0.012500 0.034722
