1 0.365234 0.894444 0.052344 0.097222
1 0.379687 0.927083 0.040625 0.059722
0 0.180859 0.835417 0.061719 0.106944
0 0.144922 0.676389 0.071094 0.111111
0 0.148047 0.568750 0.055469 0.098611
0 0.237500 0.543056 0.048437 0.063889
0 0.254687 0.487500 0.034375 0.038889
0 0.321875 0.496528 0.037500 0.045833
0 0.461328 0.393056 0.030469 0.055556
0 0.414453 0.400000 0.025781 0.027778
0 0.437500 0.568750 0.034375 0.034722
0 0.452734 0.543750 0.021094 0.045833
0 0.417578 0.704861 0.044531 0.145833
0 0.472266 0.725694 0.041406 0.056944
0 0.520703 0.761111 0.063281 0.072222
0 0.501562 0.839583 0.056250 0.084722
0 0.530859 0.884722 0.000781 0.002778
0 0.563672 0.884028 0.000781 0.004167
0 0.524609 0.933333 0.078906 0.091667
0 0.714844 0.950000 0.082813 0.100000
0 0.641016 0.595139 0.044531 0.073611
0 0.614453 0.431250 0.028906 0.051389
0 0.543750 0.553472 0.057813 0.037500
0 0.302734 0.761806 0.050781 0.070833
0 0.353125 0.775000 0.048437 0.061111
1 0.275000 0.654861 0.032812 0.037500
1 0.366016 0.538889 0.019531 0.030556
1 0.385547 0.554861 0.028906 0.040278
1 0.401953 0.575000 0.021094 0.052778
1 0.470313 0.530556 0.021875 0.036111
0 0.473047 0.459722 0.025781 0.058333
1 0.459766 0.609028 0.035156 0.051389
1 0.513281 0.579861 0.023438 0.062500
1 0.557031 0.509028 0.037500 0.056944
1 0.596875 0.538889 0.032812 0.052778
1 0.620703 0.487500 0.027344 0.055556
1 0.570313 0.670833 0.037500 0.052778
1 0.605859 0.712500 0.025781 0.061111
1 0.576172 0.748611 0.030469 0.055556
1 0.592578 0.821528 0.057031 0.054167
1 0.852344 0.933333 0.050000 0.055556
1 0.780859 0.880556 0.030469 0.047222
0 0.648828 0.868056 0.027344 0.069444
