1 0.314063 0.445139 0.017188 0.040278
1 0.316016 0.393750 0.024219 0.037500
1 0.378516 0.386806 0.014844 0.043056
1 0.402344 0.363889 0.025000 0.025000
1 0.373828 0.248611 0.041406 0.044444
1 0.426562 0.280556 0.025000 0.033333
1 0.499609 0.352083 0.027344 0.040278
1 0.578516 0.281250 0.014844 0.043056
1 0.599609 0.302083 0.014844 0.034722
1 0.556250 0.418056 0.028125 0.030556
1 0.425391 0.500694 0.019531 0.037500
1 0.467969 0.483333 0.014062 0.038889
1 0.484375 0.521528 0.025000 0.037500
1 0.466016 0.545139 0.016406 0.051389
0 0.753516 0.661806 0.055469 0.081944
0 0.704687 0.626389 0.051562 0.088889
0 0.613672 0.630556 0.060156 0.066667
0 0.535937 0.591667 0.045313 0.058333
0 0.167187 0.426389 0.050000 0.061111
0 0.116406 0.457639 0.054688 0.062500
0 0.131641 0.710417 0.057031 0.068056
0 0.255859 0.652778 0.075781 0.097222
0 0.277344 0.783333 0.068750 0.133333
0 0.673047 0.397917 0.039844 0.054167
0 0.628516 0.438194 0.041406 0.056944
0 0.594531 0.435417 0.021875 0.045833
0 0.564453 0.486111 0.053906 0.044444
0 0.612109 0.495833 0.047656 0.047222
0 0.418750 0.397917 0.025000 0.040278
0 0.467578 0.375000 0.024219 0.055556
0 0.385938 0.477778 0.037500 0.063889
0 0.355078 0.483333 0.025781 0.050000
0 0.328125 0.331250 0.048437 0.073611
0 0.546875 0.284028 0.032812 0.037500
0 0.618359 0.286111 0.024219 0.033333
0 0.575781 0.266667 0.015625 0.022222
0 0.451953 0.248611 0.050781 0.058333
0 0.705859 0.339583 0.024219 0.034722
0 0.443359 0.376389 0.014844 0.016667
0 0.492578 0.568056 0.016406 0.033333
