1 0.244531 0.577778 0.023438 0.047222
1 0.210156 0.972222 0.026563 0.055556
1 0.335547 0.481944 0.021094 0.072222
1 0.360547 0.470833 0.025781 0.072222
1 0.355469 0.546528 0.039063 0.062500
1 0.374219 0.600000 0.029687 0.069444
1 0.336719 0.624306 0.032812 0.056944
1 0.470703 0.584028 0.035156 0.073611
1 0.482422 0.944444 0.039844 0.072222
0 0.771484 0.228472 0.063281 0.090278
0 0.662109 0.236111 0.085156 0.136111
0 0.778516 0.628472 0.052344 0.095833
0 0.687109 0.626389 0.125781 0.161111
0 0.527734 0.331250 0.060156 0.084722
0 0.102344 0.118056 0.170312 0.161111
0 0.458594 0.694444 0.046875 0.083333
0 0.417188 0.390278 0.100000 0.166667
0 0.518359 0.425000 0.027344 0.080556
0 0.608203 0.472917 0.030469 0.076389
0 0.710156 0.078472 0.029687 0.054167
