0 0.237500 0.098611 0.029687 0.036111
0 0.262109 0.127778 0.035156 0.066667
0 0.125000 0.362500 0.092188 0.075000
0 0.385547 0.597222 0.032031 0.050000
0 0.653516 0.668056 0.049219 0.069444
0 0.571094 0.354167 0.023438 0.041667
0 0.483984 0.315278 0.000781 0.002778
0 0.483984 0.315278 0.000781 0.002778
0 0.502344 0.284028 0.040625 0.059722
0 0.494141 0.237500 0.024219 0.033333
0 0.338672 0.268056 0.030469 0.063889
0 0.365234 0.259722 0.021094 0.047222
0 0.460938 0.140278 0.021875 0.044444
0 0.551953 0.084722 0.041406 0.030556
0 0.561328 0.106250 0.017969 0.029167
0 0.407422 0.228472 0.038281 0.051389
0 0.646094 0.018056 0.040625 0.044444
0 0.211328 0.638889 0.044531 0.044444
0 0.418750 0.351389 0.034375 0.044444
0 0.528516 0.438194 0.024219 0.043056
0 0.492188 0.361111 0.021875 0.038889
0 0.305859 0.483333 0.024219 0.044444
0 0.312891 0.520139 0.039844 0.029167
0 0.214844 0.349306 0.042188 0.043056
0 0.413672 0.147917 0.028906 0.037500
0 0.458594 0.225000 0.021875 0.036111
0 0.426172 0.253472 0.032031 0.034722
0 0.614062 0.109028 0.025000 0.029167
0 0.571875 0.136806 0.025000 0.048611
0 0.607813 0.154861 0.026563 0.040278
0 0.672656 0.240972 0.031250 0.045833
0 0.701563 0.241667 0.025000 0.047222
0 0.715625 0.313194 0.023438 0.040278
