0 0.234375 0.640972 0.001563 0.001389
0 0.218750 0.668750 0.042188 0.043056
0 0.409375 0.802778 0.028125 0.052778
0 0.585547 0.836806 0.030469 0.048611
0 0.918359 0.752778 0.067969 0.069444
0 0.981641 0.769444 0.035156 0.052778
0 0.669922 0.556250 0.055469 0.043056
0 0.669141 0.769444 0.032031 0.066667
0 0.529688 0.803472 0.029687 0.073611
0 0.667578 0.691667 0.046094 0.061111
0 0.657812 0.712500 0.021875 0.030556
0 0.643359 0.599306 0.025781 0.034722
0 0.420703 0.581944 0.025781 0.036111
0 0.538281 0.690972 0.037500 0.043056
0 0.482422 0.531944 0.017969 0.033333
0 0.493359 0.577778 0.017969 0.027778
0 0.510938 0.590972 0.017188 0.040278
0 0.398438 0.704861 0.021875 0.029167
0 0.475781 0.735417 0.021875 0.029167
0 0.499609 0.772222 0.024219 0.044444
0 0.623828 0.767361 0.022656 0.045833
0 0.633594 0.820139 0.042188 0.040278
0 0.795313 0.879167 0.034375 0.050000
0 0.781641 0.963194 0.038281 0.051389
