1 0.271094 0.127083 0.067188 0.101389
1 0.468750 0.138889 0.043750 0.105556
1 0.190234 0.179861 0.061719 0.118056
1 0.139062 0.093056 0.062500 0.094444
1 0.078125 0.115972 0.054688 0.104167
1 0.067969 0.219444 0.095312 0.105556
1 0.139453 0.345139 0.069531 0.104167
1 0.144531 0.444444 0.060938 0.077778
1 0.175391 0.481944 0.000781 0.002778
1 0.183984 0.650000 0.057031 0.113889
1 0.008984 0.377778 0.000781 0.008333
1 0.401172 0.254167 0.053906 0.091667
1 0.423438 0.338194 0.042188 0.051389
1 0.484375 0.381944 0.051562 0.116667
1 0.415234 0.397917 0.080469 0.065278
1 0.286719 0.496528 0.060938 0.079167
1 0.332812 0.454167 0.078125 0.063889
1 0.365234 0.501389 0.063281 0.077778
1 0.358203 0.597917 0.050781 0.126389
1 0.576172 0.960417 0.053906 0.079167
1 0.715234 0.383333 0.000781 0.002778
1 0.685547 0.328472 0.063281 0.112500
1 0.655859 0.431944 0.064844 0.086111
1 0.633594 0.535417 0.053125 0.081944
1 0.593359 0.275000 0.041406 0.066667
1 0.610547 0.329861 0.046094 0.079167
1 0.561719 0.385417 0.042188 0.081944
1 0.568359 0.557639 0.063281 0.093056
1 0.561719 0.674306 0.040625 0.093056
1 0.446094 0.492361 0.053125 0.109722
1 0.523047 0.465972 0.053906 0.062500
1 0.509766 0.525694 0.044531 0.081944
1 0.481641 0.688889 0.077344 0.077778
1 0.493750 0.763889 0.039063 0.097222
1 0.517578 0.811111 0.027344 0.116667
