1 0.814453 0.320139 0.024219 0.040278
1 0.668750 0.261806 0.023438 0.037500
1 0.626953 0.295139 0.022656 0.048611
1 0.288672 0.251389 0.021094 0.061111
1 0.442969 0.313194 0.023438 0.048611
1 0.537891 0.354861 0.028906 0.059722
1 0.449609 0.379167 0.030469 0.047222
1 0.477344 0.393750 0.026563 0.051389
1 0.477734 0.445833 0.030469 0.047222
1 0.352344 0.401389 0.032812 0.036111
1 0.328125 0.426389 0.031250 0.036111
1 0.316406 0.676389 0.034375 0.047222
1 0.355469 0.696528 0.025000 0.034722
1 0.397266 0.930556 0.033594 0.044444
1 0.439063 0.493056 0.021875 0.066667
1 0.432813 0.597917 0.034375 0.045833
1 0.559375 0.422222 0.021875 0.044444
1 0.580469 0.428472 0.029687 0.045833
1 0.604297 0.434722 0.033594 0.044444
1 0.692969 0.411111 0.023438 0.061111
1 0.720312 0.504861 0.026563 0.040278
1 0.726563 0.534028 0.023438 0.034722
1 0.786719 0.591667 0.037500 0.058333
1 0.868359 0.628472 0.035156 0.076389
1 0.916797 0.715972 0.024219 0.048611
1 0.880469 0.739583 0.029687 0.045833
1 0.539453 0.502083 0.024219 0.059722
1 0.560938 0.507639 0.015625 0.026389
1 0.554688 0.580556 0.026563 0.033333
1 0.554688 0.602083 0.026563 0.026389
