0 0.158594 0.668056 0.034375 0.077778
0 0.307813 0.472222 0.054688 0.125000
0 0.344141 0.272917 0.055469 0.129167
0 0.410937 0.156944 0.107813 0.088889
0 0.506250 0.177778 0.043750 0.069444
0 0.428516 0.236806 0.063281 0.056944
0 0.393359 0.349306 0.083594 0.095833
0 0.537109 0.317361 0.064844 0.131944
0 0.657031 0.472917 0.051562 0.081944
0 0.666797 0.588889 0.057031 0.075000
0 0.832812 0.402778 0.096875 0.063889
0 0.605859 0.334028 0.044531 0.062500
0 0.703125 0.251389 0.065625 0.061111
0 0.489453 0.245139 0.019531 0.029167
0 0.509766 0.272222 0.014844 0.025000
0 0.041797 0.552083 0.025781 0.051389
