0 0.342969 0.129861 0.098438 0.120833
0 0.313281 0.538889 0.165625 0.244444
0 0.271875 0.717361 0.092188 0.140278
0 0.369922 0.702778 0.064844 0.072222
1 0.835156 0.140972 0.053125 0.068056
1 0.665234 0.170139 0.035156 0.040278
1 0.705078 0.236806 0.032031 0.090278
1 0.749609 0.263194 0.030469 0.051389
1 0.732031 0.308333 0.026563 0.080556
1 0.707812 0.572222 0.026563 0.069444
0 0.933203 0.707639 0.130469 0.170833
0 0.711719 0.037500 0.081250 0.058333
0 0.637109 0.039583 0.066406 0.065278
0 0.890625 0.230556 0.054688 0.116667
0 0.638281 0.375694 0.048437 0.070833
0 0.833203 0.654167 0.042969 0.063889
