0 0.310937 0.200000 0.050000 0.086111
0 0.384375 0.244444 0.056250 0.080556
0 0.833203 0.419444 0.055469 0.063889
0 0.855469 0.468056 0.039063 0.069444
0 0.854688 0.663889 0.045313 0.063889
0 0.803516 0.577083 0.050781 0.090278
0 0.740234 0.520139 0.046094 0.045833
0 0.742969 0.564583 0.035937 0.043056
0 0.752734 0.759028 0.066406 0.084722
0 0.556250 0.267361 0.051562 0.062500
0 0.578516 0.359722 0.044531 0.063889
0 0.607422 0.413194 0.039844 0.065278
0 0.681641 0.456944 0.053906 0.072222
0 0.680078 0.524306 0.049219 0.045833
0 0.346094 0.800694 0.028125 0.056944
0 0.276953 0.307639 0.039844 0.109722
0 0.241406 0.336806 0.040625 0.068056
0 0.321094 0.434028 0.048437 0.051389
0 0.385156 0.367361 0.042188 0.073611
0 0.466406 0.429861 0.053125 0.081944
0 0.539453 0.432639 0.044531 0.070833
0 0.559766 0.479861 0.021094 0.048611
0 0.517969 0.486806 0.064062 0.054167
0 0.464453 0.509028 0.042969 0.051389
0 0.600391 0.533333 0.039844 0.072222
0 0.599219 0.605556 0.032812 0.058333
0 0.586328 0.665278 0.032031 0.075000
0 0.564844 0.786111 0.031250 0.075000
0 0.608203 0.736806 0.019531 0.048611
0 0.622266 0.828472 0.042969 0.079167
0 0.663672 0.821528 0.039844 0.051389
0 0.708594 0.863194 0.053125 0.090278
0 0.276953 0.553472 0.046094 0.059722
0 0.372266 0.506250 0.039844 0.062500
0 0.424219 0.518056 0.025000 0.055556
0 0.326953 0.561111 0.032031 0.041667
0 0.366406 0.601389 0.028125 0.061111
0 0.415625 0.625000 0.050000 0.083333
0 0.477344 0.609722 0.053125 0.102778
0 0.513672 0.620833 0.022656 0.086111
0 0.511719 0.709028 0.056250 0.093056
0 0.519922 0.792361 0.033594 0.084722
0 0.521484 0.849306 0.017969 0.040278
0 0.569531 0.956944 0.035937 0.066667
0 0.512109 0.901389 0.033594 0.050000
0 0.490234 0.933333 0.022656 0.111111
0 0.469922 0.955556 0.027344 0.066667
0 0.410156 0.822222 0.053125 0.111111
0 0.397266 0.711806 0.057031 0.070833
0 0.322266 0.656250 0.046094 0.045833
0 0.277344 0.742361 0.078125 0.048611
0 0.236328 0.723611 0.044531 0.111111
0 0.309375 0.852083 0.039063 0.059722
0 0.271094 0.862500 0.029687 0.102778
0 0.465625 0.809722 0.029687 0.050000
0 0.453516 0.838194 0.022656 0.059722
0 0.369531 0.900000 0.048437 0.102778
0 0.892187 0.354167 0.039063 0.080556
0 0.731250 0.241667 0.037500 0.063889
0 0.758594 0.329861 0.025000 0.037500
0 0.736719 0.363194 0.031250 0.068056
0 0.689844 0.688194 0.028125 0.051389
0 0.615234 0.694444 0.039844 0.027778
0 0.628516 0.680556 0.024219 0.047222
0 0.637891 0.718056 0.021094 0.052778
0 0.663672 0.320833 0.033594 0.041667
0 0.674609 0.196528 0.033594 0.056944
0 0.651563 0.220833 0.029687 0.033333
0 0.622266 0.240278 0.027344 0.050000
0 0.549219 0.193750 0.026563 0.065278
0 0.528516 0.320833 0.039844 0.052778
0 0.483203 0.245139 0.038281 0.065278
0 0.432422 0.173611 0.032031 0.047222
0 0.440625 0.347222 0.023438 0.047222
0 0.419141 0.365278 0.025781 0.038889
0 0.428125 0.385417 0.032812 0.034722
0 0.418359 0.416667 0.036719 0.047222
0 0.645312 0.754861 0.075000 0.065278
