1 0.514844 0.598611 0.053125 0.069444
1 0.321094 0.750000 0.085938 0.080556
1 0.471875 0.731250 0.034375 0.093056
1 0.387500 0.706250 0.089062 0.098611
1 0.900781 0.927083 0.129688 0.126389
1 0.614844 0.670139 0.056250 0.073611
1 0.563281 0.668056 0.037500 0.066667
1 0.561328 0.736806 0.039844 0.070833
1 0.632422 0.813889 0.041406 0.069444
1 0.586719 0.847222 0.043750 0.088889
1 0.628516 0.900000 0.052344 0.086111
1 0.661719 0.980556 0.056250 0.038889
1 0.543750 0.938194 0.090625 0.123611
1 0.439453 0.825000 0.047656 0.097222
1 0.379687 0.823611 0.068750 0.083333
1 0.388672 0.885417 0.072656 0.065278
1 0.309375 0.886806 0.054688 0.104167
