1 0.135156 0.556944 0.018750 0.044444
1 0.226172 0.454861 0.033594 0.031944
1 0.234766 0.471528 0.013281 0.023611
1 0.308594 0.470139 0.014062 0.037500
1 0.370703 0.365278 0.022656 0.030556
1 0.331641 0.406250 0.014844 0.023611
1 0.348828 0.404861 0.011719 0.029167
1 0.352734 0.447222 0.021094 0.030556
1 0.389844 0.476389 0.017188 0.022222
1 0.398438 0.493056 0.012500 0.022222
1 0.366406 0.508333 0.010937 0.016667
1 0.359766 0.516667 0.013281 0.033333
1 0.410156 0.407639 0.014062 0.026389
1 0.390234 0.418750 0.013281 0.023611
1 0.401563 0.444444 0.020312 0.025000
1 0.382422 0.448611 0.016406 0.019444
1 0.435547 0.445139 0.028906 0.023611
1 0.421875 0.465972 0.018750 0.026389
1 0.426953 0.475694 0.025781 0.023611
1 0.441797 0.481250 0.027344 0.031944
1 0.490625 0.454861 0.018750 0.031944
1 0.512109 0.464583 0.011719 0.029167
1 0.556250 0.516667 0.020312 0.033333
1 0.489062 0.502778 0.020312 0.038889
1 0.464844 0.547917 0.023438 0.037500
1 0.469141 0.591667 0.014844 0.050000
1 0.497266 0.626389 0.017969 0.038889
1 0.483984 0.674306 0.024219 0.031944
1 0.460547 0.670139 0.021094 0.040278
