0 0.563672 0.090278 0.052344 0.094444
0 0.326172 0.330556 0.036719 0.105556
0 0.274219 0.434028 0.050000 0.201389
0 0.369141 0.428472 0.050781 0.087500
0 0.373828 0.523611 0.071094 0.069444
0 0.469531 0.462500 0.046875 0.105556
0 0.548828 0.573611 0.064844 0.080556
0 0.464453 0.308333 0.088281 0.113889
0 0.478906 0.248611 0.025000 0.058333
0 0.592578 0.245833 0.052344 0.077778
0 0.655859 0.266667 0.035156 0.091667
0 0.431250 0.138194 0.040625 0.090278
0 0.393750 0.351389 0.020312 0.044444
0 0.669922 0.722222 0.046094 0.052778
