0 0.097266 0.613194 0.111719 0.154167
0 0.139453 0.468056 0.094531 0.102778
0 0.959766 0.553472 0.078906 0.112500
0 0.875781 0.444444 0.100000 0.080556
0 0.817969 0.473611 0.064062 0.083333
0 0.792969 0.522222 0.051562 0.083333
0 0.710547 0.381250 0.094531 0.056944
0 0.250781 0.183333 0.048437 0.050000
0 0.272656 0.223611 0.023438 0.041667
0 0.295312 0.251389 0.040625 0.038889
0 0.330859 0.290972 0.049219 0.054167
0 0.330469 0.234028 0.031250 0.037500
0 0.139062 0.213194 0.064062 0.081944
0 0.179297 0.159722 0.085156 0.063889
0 0.182031 0.211806 0.035937 0.054167
0 0.389844 0.261111 0.064062 0.033333
0 0.536719 0.559722 0.076563 0.119444
0 0.442187 0.345833 0.060938 0.097222
0 0.473437 0.317361 0.037500 0.065278
0 0.515234 0.338889 0.032031 0.041667
0 0.579297 0.328472 0.036719 0.043056
0 0.556641 0.297222 0.049219 0.033333
0 0.380859 0.315278 0.035156 0.036111
0 0.325391 0.404167 0.094531 0.069444
0 0.019922 0.197917 0.027344 0.043056
0 0.871875 0.865972 0.167187 0.234722
0 0.621875 0.384722 0.043750 0.038889
0 0.599219 0.447222 0.031250 0.052778
0 0.651563 0.463194 0.042188 0.051389
0 0.546484 0.420833 0.042969 0.047222
0 0.494922 0.415972 0.041406 0.043056
0 0.500000 0.448611 0.043750 0.047222
0 0.516016 0.298611 0.046094 0.041667
0 0.446094 0.394444 0.045313 0.038889
0 0.385547 0.396528 0.033594 0.045833
0 0.323828 0.465972 0.075781 0.056944
0 0.105859 0.347222 0.074219 0.055556
0 0.131250 0.321528 0.064062 0.054167
0 0.218359 0.425000 0.066406 0.063889
0 0.212500 0.225000 0.032812 0.036111
0 0.244922 0.263194 0.042969 0.031944
0 0.223438 0.293750 0.035937 0.051389
0 0.257813 0.286111 0.042188 0.036111
0 0.270703 0.325694 0.046094 0.051389
