0 0.215625 0.627083 0.092188 0.131944
0 0.152734 0.710417 0.055469 0.093056
0 0.416406 0.415972 0.117188 0.081944
0 0.498047 0.738194 0.038281 0.070833
0 0.540625 0.782639 0.060938 0.056944
0 0.556250 0.833333 0.050000 0.072222
0 0.713281 0.522222 0.040625 0.061111
0 0.699609 0.628472 0.064844 0.079167
0 0.750000 0.714583 0.054688 0.056944
0 0.561719 0.440278 0.046875 0.075000
0 0.549219 0.558333 0.045313 0.075000
0 0.620703 0.582639 0.039844 0.045833
0 0.566016 0.665972 0.049219 0.043056
0 0.430859 0.637500 0.046094 0.041667
0 0.567187 0.608333 0.029687 0.038889
0 0.309375 0.703472 0.039063 0.048611
0 0.270703 0.572222 0.021094 0.041667
0 0.333984 0.525694 0.024219 0.034722
0 0.432422 0.510417 0.021094 0.031944
0 0.428125 0.559028 0.025000 0.026389
0 0.447656 0.567361 0.021875 0.029167
0 0.467969 0.547917 0.032812 0.043056
0 0.478906 0.617361 0.029687 0.037500
0 0.490625 0.526389 0.020312 0.038889
0 0.504687 0.540278 0.017188 0.041667
0 0.784375 0.653472 0.021875 0.040278
