0 0.278906 0.468056 0.060938 0.030556
0 0.328906 0.475000 0.034375 0.044444
0 0.517969 0.870139 0.001563 0.001389
0 0.506641 0.854861 0.049219 0.070833
0 0.705469 0.686111 0.073437 0.066667
0 0.848828 0.804167 0.080469 0.100000
0 0.780859 0.823611 0.036719 0.030556
0 0.366797 0.820833 0.082031 0.086111
0 0.247266 0.570139 0.036719 0.051389
0 0.276172 0.545833 0.022656 0.047222
0 0.279687 0.600000 0.015625 0.025000
0 0.238281 0.761111 0.051562 0.047222
0 0.357031 0.577778 0.034375 0.052778
0 0.380859 0.620833 0.036719 0.061111
0 0.427344 0.555556 0.056250 0.044444
0 0.543359 0.569444 0.038281 0.038889
0 0.594141 0.603472 0.035156 0.037500
0 0.564453 0.548611 0.024219 0.033333
0 0.537109 0.631944 0.025781 0.036111
0 0.494922 0.629167 0.035156 0.055556
0 0.457812 0.638194 0.028125 0.037500
0 0.423438 0.642361 0.025000 0.031944
0 0.473437 0.684722 0.054688 0.075000
0 0.800391 0.864583 0.050781 0.079167
0 0.642969 0.838194 0.039063 0.062500
0 0.595703 0.817361 0.027344 0.068056
0 0.623438 0.696528 0.034375 0.040278
0 0.551172 0.788194 0.038281 0.068056
0 0.468750 0.749306 0.046875 0.043056
0 0.417578 0.781944 0.039844 0.050000
0 0.282813 0.893056 0.050000 0.055556
0 0.367188 0.917361 0.062500 0.051389
0 0.233984 0.968750 0.067969 0.062500
0 0.216016 0.790278 0.053906 0.055556
0 0.142578 0.593750 0.036719 0.045833
0 0.172266 0.599306 0.025781 0.034722
0 0.303125 0.663194 0.028125 0.048611
0 0.333984 0.640972 0.033594 0.040278
0 0.334375 0.699306 0.035937 0.045833
0 0.323438 0.602083 0.037500 0.043056
0 0.299609 0.555556 0.025781 0.038889
0 0.262500 0.510417 0.034375 0.043056
0 0.341016 0.511111 0.022656 0.016667
0 0.341406 0.530556 0.021875 0.030556
0 0.384766 0.500694 0.019531 0.023611
0 0.388281 0.509722 0.025000 0.027778
0 0.449219 0.572917 0.018750 0.029167
0 0.459766 0.583333 0.022656 0.033333
0 0.587109 0.558333 0.041406 0.036111
0 0.757031 0.938889 0.048437 0.105556
0 0.504687 0.792361 0.045313 0.073611
