0 0.082031 0.273611 0.084375 0.052778
0 0.019922 0.279861 0.039844 0.081944
0 0.162109 0.536806 0.147656 0.170833
0 0.845312 0.447222 0.057813 0.083333
0 0.825000 0.490278 0.045313 0.072222
0 0.697656 0.479861 0.084375 0.081944
0 0.576172 0.438194 0.049219 0.059722
0 0.756641 0.312500 0.044531 0.050000
0 0.476563 0.231250 0.048437 0.048611
0 0.320703 0.254167 0.060156 0.047222
0 0.396484 0.334722 0.030469 0.050000
0 0.369531 0.345139 0.039063 0.054167
0 0.335938 0.346528 0.028125 0.048611
0 0.482812 0.299306 0.037500 0.043056
0 0.426953 0.300000 0.027344 0.030556
0 0.624219 0.365278 0.064062 0.050000
0 0.681641 0.370833 0.061719 0.075000
0 0.697656 0.338889 0.042188 0.038889
0 0.658984 0.328472 0.028906 0.043056
0 0.782422 0.284722 0.033594 0.019444
0 0.665625 0.260417 0.032812 0.043056
0 0.607422 0.241667 0.024219 0.030556
0 0.584766 0.254861 0.047656 0.040278
1 0.296875 0.288889 0.032812 0.027778
1 0.285156 0.322222 0.023438 0.030556
1 0.408594 0.286806 0.020312 0.029167
1 0.380078 0.295139 0.016406 0.026389
1 0.441406 0.246528 0.028125 0.031944
1 0.529297 0.288194 0.032031 0.037500
1 0.597266 0.325694 0.036719 0.034722
1 0.644531 0.267361 0.017188 0.034722
1 0.618359 0.260417 0.013281 0.040278
1 0.485547 0.355556 0.017969 0.058333
1 0.430078 0.369444 0.038281 0.038889
1 0.485547 0.405556 0.030469 0.041667
1 0.512500 0.382639 0.028125 0.040278
0 0.520312 0.420833 0.028125 0.041667
1 0.387891 0.225000 0.050781 0.050000
