0 0.241406 0.579861 0.154687 0.143056
0 0.365625 0.505556 0.026563 0.061111
0 0.723437 0.520139 0.056250 0.056944
0 0.644141 0.516667 0.019531 0.052778
0 0.632813 0.484722 0.017188 0.033333
0 0.612891 0.479167 0.025781 0.044444
0 0.624609 0.561806 0.067969 0.087500
0 0.579687 0.436806 0.021875 0.045833
0 0.643359 0.439583 0.030469 0.051389
0 0.511328 0.441667 0.014844 0.041667
0 0.567187 0.490278 0.029687 0.050000
0 0.541797 0.479167 0.033594 0.055556
0 0.557031 0.436806 0.015625 0.034722
0 0.539063 0.456944 0.020312 0.036111
0 0.471484 0.384722 0.024219 0.027778
0 0.465625 0.429167 0.032812 0.030556
0 0.458984 0.513889 0.022656 0.036111
