0 0.622266 0.123611 0.033594 0.069444
0 0.774219 0.257639 0.029687 0.051389
0 0.733594 0.300694 0.032812 0.059722
0 0.703906 0.381250 0.062500 0.059722
0 0.739062 0.418056 0.032812 0.066667
0 0.815234 0.514583 0.027344 0.040278
0 0.762109 0.506944 0.025781 0.055556
0 0.838281 0.689583 0.029687 0.065278
0 0.770312 0.574306 0.039063 0.065278
0 0.769922 0.615278 0.025781 0.058333
0 0.802344 0.624306 0.057813 0.045833
0 0.825000 0.638194 0.031250 0.051389
0 0.784766 0.698611 0.038281 0.069444
0 0.710938 0.582639 0.034375 0.081944
0 0.671094 0.509028 0.042188 0.045833
0 0.016797 0.095833 0.033594 0.063889
0 0.127344 0.915972 0.037500 0.068056
0 0.155859 0.475694 0.052344 0.065278
0 0.207031 0.282639 0.042188 0.045833
0 0.321484 0.169444 0.050781 0.044444
0 0.211719 0.344444 0.059375 0.038889
0 0.243359 0.369444 0.046094 0.036111
0 0.232812 0.395139 0.028125 0.051389
0 0.324609 0.320833 0.042969 0.072222
0 0.304297 0.382639 0.032031 0.073611
0 0.525781 0.222222 0.029687 0.072222
0 0.262500 0.731250 0.032812 0.070833
0 0.282031 0.699306 0.023438 0.087500
0 0.296094 0.762500 0.035937 0.091667
0 0.687891 0.850694 0.032031 0.045833
0 0.668359 0.649306 0.039844 0.065278
0 0.626172 0.649306 0.041406 0.051389
0 0.646484 0.717361 0.036719 0.059722
0 0.629297 0.754861 0.035156 0.056944
0 0.641406 0.861111 0.032812 0.111111
0 0.557422 0.290278 0.027344 0.052778
0 0.357422 0.308333 0.024219 0.075000
0 0.382422 0.330556 0.022656 0.075000
0 0.359375 0.363194 0.023438 0.043056
0 0.366016 0.401389 0.027344 0.050000
0 0.367578 0.576389 0.030469 0.069444
0 0.337891 0.584722 0.036719 0.038889
0 0.316797 0.616667 0.041406 0.061111
0 0.404687 0.471528 0.037500 0.051389
0 0.549609 0.386806 0.017969 0.065278
0 0.580859 0.409028 0.038281 0.045833
0 0.582812 0.435417 0.025000 0.043056
0 0.339844 0.861111 0.043750 0.066667
0 0.373437 0.806944 0.040625 0.047222
0 0.376172 0.845833 0.044531 0.044444
0 0.454688 0.794444 0.039063 0.044444
0 0.520312 0.786806 0.051562 0.065278
0 0.489844 0.796528 0.031250 0.056944
0 0.469531 0.833333 0.053125 0.052778
0 0.468750 0.879167 0.046875 0.083333
0 0.535156 0.843056 0.051562 0.041667
0 0.523047 0.877083 0.042969 0.051389
0 0.586719 0.909028 0.048437 0.068056
0 0.583984 0.786111 0.049219 0.050000
0 0.600391 0.817361 0.049219 0.048611
0 0.644531 0.554861 0.028125 0.068056
0 0.625000 0.541667 0.026563 0.058333
0 0.589063 0.557639 0.035937 0.045833
0 0.601953 0.588194 0.039844 0.034722
0 0.521875 0.553472 0.032812 0.070833
0 0.510156 0.522917 0.020312 0.062500
0 0.535156 0.631250 0.040625 0.051389
0 0.512500 0.636111 0.017188 0.030556
0 0.383594 0.256944 0.029687 0.050000
0 0.410156 0.252083 0.035937 0.076389
0 0.421484 0.275000 0.041406 0.075000
0 0.464844 0.226389 0.034375 0.055556
0 0.470703 0.253472 0.032031 0.040278
0 0.489062 0.238889 0.021875 0.058333
0 0.508984 0.254861 0.022656 0.068056
0 0.517578 0.315972 0.036719 0.056944
0 0.508594 0.335417 0.034375 0.048611
0 0.516797 0.359722 0.042969 0.038889
0 0.468359 0.290278 0.019531 0.058333
0 0.484766 0.379861 0.030469 0.062500
0 0.458594 0.320833 0.037500 0.050000
0 0.451953 0.346528 0.022656 0.048611
0 0.419922 0.338889 0.032031 0.050000
0 0.424219 0.363889 0.035937 0.055556
0 0.448438 0.399306 0.025000 0.056944
0 0.411328 0.530556 0.024219 0.069444
0 0.437109 0.499306 0.028906 0.062500
0 0.458984 0.506250 0.030469 0.062500
0 0.454688 0.545139 0.031250 0.065278
0 0.476953 0.567361 0.017969 0.073611
0 0.464844 0.607639 0.034375 0.062500
0 0.426172 0.573611 0.028906 0.055556
