0 0.839844 0.823611 0.064062 0.169444
0 0.642969 0.648611 0.070313 0.094444
0 0.626953 0.547222 0.063281 0.069444
0 0.187109 0.227778 0.066406 0.072222
0 0.130078 0.478472 0.046094 0.093056
0 0.466016 0.464583 0.053906 0.098611
0 0.370703 0.522222 0.035156 0.086111
0 0.329297 0.582639 0.047656 0.070833
0 0.560938 0.270139 0.034375 0.073611
0 0.575781 0.178472 0.043750 0.068056
0 0.417188 0.163194 0.035937 0.056944
0 0.831641 0.084028 0.061719 0.118056
0 0.707422 0.033333 0.036719 0.061111
0 0.669141 0.059028 0.038281 0.081944
0 0.519531 0.012500 0.023438 0.047222
0 0.332422 0.057639 0.005469 0.001389
0 0.314063 0.015278 0.039063 0.055556
0 0.808984 0.538889 0.089844 0.086111
0 0.792578 0.293750 0.039844 0.068056
0 0.733594 0.275000 0.087500 0.072222
0 0.653125 0.184722 0.040625 0.091667
0 0.603516 0.251389 0.021094 0.027778
0 0.407422 0.555556 0.035156 0.052778
0 0.709375 0.181250 0.032812 0.051389
0 0.676562 0.240278 0.037500 0.063889
0 0.684766 0.493750 0.053906 0.054167
0 0.525391 0.336806 0.036719 0.076389
0 0.413281 0.213889 0.054688 0.069444
0 0.428516 0.568750 0.027344 0.073611
