0 0.419141 0.489583 0.061719 0.079167
0 0.601172 0.618750 0.088281 0.156944
0 0.270312 0.279861 0.050000 0.095833
0 0.338281 0.566667 0.029687 0.066667
0 0.408594 0.165972 0.057813 0.079167
0 0.375391 0.250694 0.057031 0.076389
0 0.466406 0.200000 0.053125 0.055556
0 0.547656 0.193056 0.045313 0.058333
0 0.473047 0.313194 0.097656 0.087500
0 0.525391 0.138194 0.058594 0.051389
0 0.650391 0.393750 0.053906 0.104167
0 0.496875 0.383333 0.075000 0.052778
0 0.137500 0.301389 0.029687 0.058333
0 0.496094 0.230556 0.018750 0.025000
0 0.492969 0.268750 0.009375 0.026389
0 0.161328 0.193056 0.013281 0.027778
