0 0.785156 0.615278 0.051562 0.069444
0 0.658594 0.611111 0.032812 0.047222
0 0.605859 0.592361 0.036719 0.062500
0 0.132422 0.789583 0.069531 0.101389
0 0.065625 0.688194 0.078125 0.112500
0 0.170703 0.686806 0.033594 0.068056
0 0.194531 0.901389 0.043750 0.061111
0 0.252734 0.913194 0.058594 0.084722
0 0.303125 0.831250 0.056250 0.068056
0 0.294531 0.775694 0.107813 0.087500
0 0.323828 0.956250 0.063281 0.079167
0 0.394922 0.918750 0.050781 0.062500
0 0.369531 0.542361 0.075000 0.048611
0 0.439453 0.545139 0.032031 0.043056
0 0.461328 0.589583 0.050781 0.045833
1 0.509375 0.598611 0.012500 0.047222
1 0.514453 0.635417 0.016406 0.034722
1 0.513281 0.700694 0.026563 0.043056
1 0.571094 0.661111 0.031250 0.041667
1 0.601953 0.726389 0.021094 0.033333
1 0.626953 0.753472 0.021094 0.045833
1 0.651953 0.749306 0.016406 0.056944
1 0.684766 0.830556 0.025781 0.047222
1 0.607422 0.804167 0.027344 0.052778
1 0.651953 0.907639 0.032031 0.059722
1 0.702734 0.674306 0.017969 0.026389
0 0.554297 0.916667 0.061719 0.083333
0 0.517187 0.945833 0.042188 0.080556
0 0.546094 0.691667 0.043750 0.047222
0 0.526563 0.748611 0.034375 0.047222
0 0.521875 0.786806 0.048437 0.043056
0 0.451562 0.870833 0.040625 0.066667
0 0.448828 0.763889 0.042969 0.111111
0 0.408203 0.754861 0.036719 0.070833
0 0.369141 0.711806 0.036719 0.073611
0 0.242188 0.606250 0.032812 0.051389
0 0.264062 0.643750 0.026563 0.040278
0 0.248437 0.684028 0.021875 0.034722
0 0.245312 0.730556 0.059375 0.075000
0 0.317969 0.660417 0.037500 0.051389
0 0.339453 0.604167 0.050781 0.033333
0 0.334766 0.692361 0.035156 0.048611
0 0.408984 0.689583 0.067969 0.034722
1 0.428906 0.634722 0.014062 0.036111
0 0.440234 0.649306 0.013281 0.034722
0 0.408984 0.611111 0.028906 0.033333
0 0.394922 0.653472 0.025781 0.040278
0 0.410547 0.648611 0.021094 0.027778
0 0.033984 0.898611 0.067969 0.083333
0 0.018359 0.804167 0.036719 0.052778
0 0.028906 0.975694 0.057813 0.048611
