0 0.086328 0.436806 0.041406 0.056944
0 0.058984 0.260417 0.077344 0.056944
0 0.246484 0.109028 0.047656 0.123611
0 0.293750 0.052778 0.031250 0.061111
0 0.444141 0.117361 0.032031 0.079167
0 0.395312 0.211806 0.034375 0.081944
0 0.360156 0.328472 0.056250 0.081944
0 0.315234 0.347917 0.030469 0.054167
0 0.573438 0.579167 0.071875 0.083333
0 0.525781 0.545833 0.043750 0.100000
0 0.678906 0.532639 0.054688 0.087500
0 0.653125 0.750694 0.046875 0.087500
0 0.585547 0.354167 0.041406 0.091667
0 0.622656 0.361806 0.043750 0.087500
0 0.792578 0.075694 0.036719 0.062500
0 0.622266 0.178472 0.036719 0.081944
0 0.483594 0.460417 0.018750 0.031944
0 0.643359 0.025694 0.019531 0.051389
0 0.639063 0.268056 0.026563 0.061111
0 0.563672 0.214583 0.014844 0.026389
0 0.569922 0.235417 0.038281 0.034722
0 0.501953 0.126389 0.028906 0.052778
0 0.466016 0.168056 0.017969 0.047222
0 0.427734 0.168056 0.016406 0.019444
0 0.375000 0.142361 0.026563 0.040278
0 0.346094 0.179167 0.018750 0.047222
0 0.264844 0.195833 0.029687 0.047222
0 0.267578 0.278472 0.025781 0.051389
0 0.459375 0.347917 0.018750 0.062500
0 0.475391 0.400694 0.030469 0.048611
0 0.455078 0.429861 0.017969 0.054167
0 0.408984 0.370139 0.025781 0.043056
0 0.249219 0.651389 0.050000 0.077778
0 0.222266 0.723611 0.091406 0.108333
0 0.424609 0.415972 0.010156 0.023611
0 0.739062 0.186806 0.032812 0.073611
0 0.513281 0.497917 0.015625 0.026389
