0 0.576953 0.209028 0.000781 0.001389
0 0.480469 0.620139 0.070313 0.112500
0 0.446484 0.543750 0.028906 0.087500
0 0.293750 0.557639 0.054688 0.109722
0 0.193750 0.627778 0.035937 0.055556
0 0.189453 0.677083 0.046094 0.062500
0 0.367969 0.807639 0.065625 0.079167
0 0.483203 0.786806 0.033594 0.059722
0 0.610547 0.792361 0.036719 0.062500
0 0.591797 0.824306 0.000781 0.001389
0 0.594922 0.293750 0.053906 0.104167
0 0.482031 0.133333 0.071875 0.088889
0 0.489453 0.184028 0.027344 0.062500
1 0.266797 0.339583 0.052344 0.045833
1 0.346484 0.308333 0.036719 0.061111
1 0.382813 0.511806 0.040625 0.056944
1 0.341016 0.590972 0.042969 0.070833
1 0.483594 0.702083 0.031250 0.051389
1 0.549609 0.941667 0.038281 0.066667
1 0.726172 0.483333 0.041406 0.069444
1 0.816406 0.646528 0.035937 0.062500
1 0.785547 0.492361 0.032031 0.054167
1 0.602344 0.179861 0.046875 0.056944
1 0.543750 0.251389 0.037500 0.075000
