1 0.294922 0.460417 0.036719 0.068056
1 0.307031 0.513194 0.035937 0.037500
1 0.421484 0.151389 0.042969 0.038889
1 0.461719 0.109722 0.023438 0.030556
1 0.512109 0.304167 0.025781 0.047222
1 0.553125 0.413889 0.034375 0.047222
1 0.733594 0.113889 0.034375 0.050000
1 0.766406 0.126389 0.028125 0.050000
1 0.785937 0.226389 0.029687 0.047222
0 0.063672 0.291667 0.107031 0.119444
0 0.179297 0.288194 0.047656 0.059722
0 0.315234 0.171528 0.039844 0.087500
0 0.350391 0.168750 0.030469 0.051389
0 0.396875 0.112500 0.051562 0.061111
0 0.506250 0.132639 0.023438 0.051389
0 0.518359 0.198611 0.047656 0.083333
0 0.430078 0.295139 0.052344 0.059722
0 0.394141 0.604861 0.039844 0.070833
0 0.196875 0.655556 0.054688 0.072222
0 0.698828 0.687500 0.047656 0.075000
0 0.606250 0.291667 0.051562 0.052778
