0 0.383984 0.402083 0.061719 0.095833
0 0.436719 0.432639 0.062500 0.093056
0 0.629297 0.739583 0.058594 0.120833
0 0.672266 0.747917 0.033594 0.070833
0 0.728125 0.639583 0.073437 0.095833
0 0.937500 0.661111 0.053125 0.086111
0 0.832812 0.955556 0.073437 0.080556
0 0.967578 0.795139 0.063281 0.079167
0 0.987891 0.871528 0.022656 0.073611
0 0.709375 0.427083 0.059375 0.043056
0 0.803125 0.388194 0.031250 0.051389
0 0.833984 0.621528 0.058594 0.079167
0 0.779297 0.700000 0.057031 0.072222
0 0.491016 0.970139 0.039844 0.059722
