0 0.715625 0.549306 0.146875 0.131944
0 0.543750 0.394444 0.018750 0.050000
0 0.549219 0.478472 0.053125 0.037500
0 0.491797 0.474306 0.072656 0.073611
0 0.148828 0.406250 0.133594 0.176389
0 0.503516 0.281250 0.032031 0.029167
0 0.476953 0.281944 0.013281 0.033333
0 0.462109 0.293056 0.021094 0.038889
0 0.493359 0.343750 0.036719 0.062500
0 0.456250 0.341667 0.039063 0.055556
0 0.437109 0.261111 0.021094 0.033333
0 0.380469 0.414583 0.043750 0.079167
0 0.257813 0.406944 0.025000 0.041667
0 0.390234 0.327778 0.025781 0.038889
0 0.413281 0.343056 0.021875 0.030556
0 0.406641 0.315972 0.016406 0.029167
0 0.394531 0.295139 0.014062 0.031944
0 0.384375 0.363889 0.021875 0.025000
0 0.418359 0.450000 0.017969 0.033333
0 0.605078 0.276389 0.024219 0.033333
0 0.580078 0.297222 0.032031 0.052778
0 0.556641 0.306944 0.032031 0.047222
