1 0.407813 0.884028 0.040625 0.062500
1 0.501172 0.724306 0.036719 0.045833
1 0.451953 0.728472 0.016406 0.040278
1 0.370313 0.518750 0.023438 0.031944
1 0.540625 0.552083 0.023438 0.034722
1 0.252344 0.722917 0.037500 0.040278
1 0.322266 0.547917 0.021094 0.023611
1 0.326562 0.567361 0.018750 0.037500
1 0.344922 0.838194 0.024219 0.040278
1 0.196094 0.708333 0.025000 0.036111
1 0.722656 0.622222 0.023438 0.036111
1 0.715234 0.635417 0.019531 0.040278
0 0.259766 0.667361 0.049219 0.056944
0 0.198437 0.791667 0.057813 0.088889
0 0.012500 0.783333 0.025000 0.066667
0 0.597266 0.806250 0.044531 0.068056
0 0.778516 0.820833 0.042969 0.063889
0 0.819141 0.611806 0.028906 0.059722
0 0.875000 0.869444 0.068750 0.072222
0 0.928125 0.934028 0.087500 0.131944
0 0.688281 0.553472 0.029687 0.045833
0 0.570313 0.645833 0.035937 0.066667
0 0.471875 0.563889 0.020312 0.036111
0 0.433594 0.686111 0.026563 0.055556
0 0.470313 0.632639 0.067188 0.056944
0 0.500391 0.776389 0.039844 0.047222
0 0.571875 0.788889 0.025000 0.047222
0 0.567578 0.456944 0.028906 0.041667
1 0.521875 0.606250 0.015625 0.029167
