1 0.722656 0.481250 0.059375 0.054167
1 0.642969 0.444444 0.031250 0.036111
1 0.548047 0.365278 0.019531 0.038889
1 0.493359 0.318056 0.032031 0.030556
1 0.608203 0.270833 0.019531 0.022222
1 0.562109 0.260417 0.019531 0.026389
1 0.736719 0.337500 0.035937 0.041667
0 0.616797 0.720833 0.092969 0.161111
0 0.721875 0.841667 0.071875 0.144444
0 0.440625 0.429861 0.056250 0.076389
0 0.497266 0.397917 0.038281 0.043056
0 0.034375 0.222917 0.050000 0.059722
0 0.801953 0.152778 0.030469 0.041667
0 0.635938 0.181250 0.040625 0.045833
0 0.699609 0.211806 0.035156 0.054167
0 0.730078 0.615972 0.066406 0.079167
0 0.658594 0.357639 0.046875 0.070833
0 0.700000 0.280556 0.035937 0.066667
0 0.653516 0.308333 0.050781 0.061111
0 0.653516 0.271528 0.016406 0.023611
0 0.393359 0.182639 0.027344 0.037500
0 0.410937 0.227778 0.026563 0.041667
0 0.440234 0.180556 0.024219 0.055556
0 0.304688 0.102778 0.021875 0.030556
0 0.287500 0.360417 0.035937 0.037500
0 0.805859 0.299306 0.050781 0.040278
0 0.592188 0.319444 0.020312 0.041667
0 0.570313 0.350000 0.025000 0.030556
0 0.571094 0.277083 0.012500 0.031944
0 0.575781 0.258333 0.012500 0.030556
0 0.557422 0.239583 0.016406 0.031944
0 0.473047 0.231250 0.041406 0.043056
0 0.510156 0.230556 0.021875 0.025000
1 0.382031 0.421528 0.035937 0.043056
1 0.587891 0.454167 0.047656 0.041667
1 0.590625 0.500694 0.051562 0.051389
1 0.889453 0.288194 0.039844 0.040278
1 0.374609 0.295833 0.041406 0.058333
0 0.503125 0.297222 0.017188 0.019444
0 0.488281 0.259722 0.056250 0.036111
0 0.623828 0.918750 0.036719 0.051389
0 0.721484 0.387500 0.022656 0.033333
