0 0.187891 0.359028 0.071094 0.093056
0 0.305859 0.357639 0.088281 0.148611
0 0.237109 0.763194 0.080469 0.051389
0 0.392188 0.321528 0.032812 0.062500
0 0.371484 0.372222 0.039844 0.061111
0 0.428125 0.387500 0.042188 0.058333
0 0.591406 0.280556 0.073437 0.100000
0 0.639844 0.365972 0.067188 0.062500
0 0.757031 0.374306 0.098438 0.068056
0 0.682031 0.427083 0.082813 0.090278
0 0.661719 0.558333 0.053125 0.044444
0 0.694141 0.609722 0.052344 0.063889
0 0.616797 0.614583 0.057031 0.054167
0 0.585547 0.561111 0.052344 0.063889
0 0.485156 0.404861 0.087500 0.059722
0 0.507813 0.455556 0.059375 0.044444
0 0.472656 0.506944 0.034375 0.055556
0 0.552344 0.437500 0.031250 0.066667
0 0.518750 0.542361 0.043750 0.079167
0 0.588672 0.465278 0.046094 0.069444
0 0.530859 0.332639 0.061719 0.051389
0 0.547266 0.637500 0.061719 0.050000
0 0.608984 0.677083 0.046094 0.040278
0 0.639844 0.690972 0.051562 0.043056
0 0.365625 0.516667 0.053125 0.052778
0 0.747656 0.463889 0.082813 0.041667
0 0.721484 0.495139 0.049219 0.034722
0 0.681641 0.500694 0.024219 0.029167
