0 0.927734 0.518056 0.067969 0.086111
0 0.775000 0.397222 0.062500 0.055556
0 0.676562 0.255556 0.053125 0.044444
0 0.659375 0.336806 0.025000 0.051389
0 0.026953 0.270833 0.049219 0.058333
0 0.106641 0.375000 0.061719 0.058333
0 0.080859 0.136806 0.042969 0.043056
0 0.138281 0.145833 0.029687 0.033333
0 0.142188 0.242361 0.037500 0.037500
0 0.207813 0.195833 0.065625 0.058333
0 0.006250 0.432639 0.012500 0.031944
0 0.017188 0.539583 0.034375 0.029167
0 0.049219 0.581250 0.068750 0.070833
0 0.580078 0.254861 0.032031 0.043056
0 0.572266 0.309028 0.025781 0.073611
0 0.465234 0.046528 0.027344 0.045833
0 0.380859 0.022222 0.032031 0.038889
0 0.245703 0.089583 0.025781 0.040278
0 0.318750 0.010417 0.034375 0.018056
0 0.309375 0.028472 0.031250 0.045833
0 0.302734 0.070139 0.024219 0.037500
0 0.330078 0.078472 0.030469 0.029167
0 0.289063 0.122917 0.032812 0.048611
0 0.370703 0.084722 0.021094 0.052778
0 0.327344 0.120139 0.029687 0.051389
0 0.414844 0.090278 0.028125 0.052778
0 0.458984 0.101389 0.032031 0.052778
0 0.282422 0.288889 0.036719 0.050000
0 0.527344 0.335417 0.026563 0.056944
0 0.329688 0.536806 0.029687 0.059722
0 0.299609 0.482639 0.038281 0.051389
0 0.298438 0.438889 0.042188 0.047222
0 0.344922 0.415278 0.027344 0.055556
0 0.360547 0.444444 0.033594 0.047222
0 0.400781 0.377778 0.037500 0.041667
0 0.483984 0.370833 0.027344 0.036111
0 0.461719 0.345139 0.034375 0.062500
0 0.486719 0.423611 0.039063 0.041667
0 0.455469 0.415972 0.034375 0.031944
0 0.439844 0.446528 0.046875 0.051389
0 0.400781 0.318750 0.023438 0.059722
0 0.499219 0.230556 0.025000 0.044444
0 0.496875 0.271528 0.018750 0.045833
0 0.473828 0.232639 0.021094 0.040278
0 0.471875 0.275000 0.032812 0.072222
0 0.428516 0.165278 0.021094 0.061111
0 0.451172 0.152083 0.033594 0.045833
0 0.475781 0.136111 0.021875 0.041667
0 0.481250 0.163889 0.031250 0.052778
0 0.395703 0.196528 0.035156 0.056944
0 0.338672 0.258333 0.019531 0.052778
0 0.370313 0.220833 0.026563 0.047222
0 0.364844 0.254167 0.032812 0.047222
0 0.366797 0.286806 0.050781 0.029167
0 0.373437 0.315278 0.032812 0.038889
