1 0.022266 0.202778 0.044531 0.061111
1 0.192969 0.330556 0.043750 0.080556
1 0.392578 0.375000 0.044531 0.069444
0 0.046094 0.316667 0.054688 0.047222
0 0.088672 0.250694 0.049219 0.065278
0 0.077734 0.542361 0.055469 0.070833
0 0.036328 0.777778 0.072656 0.100000
0 0.154687 0.288889 0.046875 0.058333
0 0.209375 0.268750 0.051562 0.054167
0 0.192578 0.227778 0.035156 0.041667
0 0.373828 0.459722 0.038281 0.069444
0 0.435156 0.421528 0.062500 0.059722
0 0.424609 0.707639 0.039844 0.051389
0 0.421484 0.749306 0.036719 0.048611
0 0.662500 0.790972 0.037500 0.087500
0 0.762500 0.054861 0.045313 0.073611
0 0.728125 0.015278 0.045313 0.030556
0 0.831641 0.211806 0.027344 0.040278
0 0.824609 0.022222 0.021094 0.038889
0 0.727734 0.240278 0.030469 0.050000
0 0.700000 0.346528 0.035937 0.054167
0 0.662500 0.326389 0.028125 0.052778
0 0.638672 0.349306 0.022656 0.070833
0 0.655469 0.406250 0.028125 0.037500
0 0.709375 0.478472 0.031250 0.045833
0 0.758984 0.315972 0.055469 0.073611
0 0.804297 0.380556 0.027344 0.088889
0 0.765625 0.381944 0.053125 0.047222
0 0.791406 0.413194 0.053125 0.054167
0 0.756250 0.438889 0.032812 0.083333
0 0.798047 0.580556 0.057031 0.063889
0 0.598437 0.265972 0.026563 0.031944
