0 0.442969 0.039583 0.054688 0.065278
0 0.570313 0.185417 0.059375 0.079167
0 0.664844 0.402083 0.067188 0.109722
0 0.376563 0.244444 0.075000 0.127778
0 0.666016 0.671528 0.052344 0.098611
0 0.263672 0.456250 0.080469 0.081944
0 0.264453 0.539583 0.069531 0.106944
0 0.201953 0.845139 0.063281 0.115278
0 0.367578 0.597222 0.053906 0.063889
0 0.339453 0.664583 0.072656 0.084722
0 0.440625 0.677083 0.051562 0.087500
0 0.490234 0.759028 0.061719 0.084722
0 0.597266 0.847917 0.061719 0.170833
0 0.519141 0.852778 0.075781 0.088889
0 0.600000 0.684028 0.070313 0.098611
0 0.613672 0.602083 0.058594 0.076389
0 0.537500 0.572917 0.057813 0.076389
0 0.404687 0.363889 0.064062 0.072222
0 0.436719 0.459722 0.042188 0.075000
0 0.476563 0.418056 0.040625 0.072222
0 0.497266 0.343750 0.061719 0.073611
0 0.523438 0.387500 0.035937 0.125000
