0 0.911719 0.071528 0.051562 0.098611
0 0.914453 0.236111 0.050781 0.091667
0 0.934375 0.347917 0.046875 0.093056
0 0.885547 0.465972 0.055469 0.079167
0 0.939453 0.712500 0.049219 0.075000
0 0.880078 0.697917 0.050781 0.070833
0 0.867578 0.851389 0.057031 0.069444
0 0.718359 0.222917 0.058594 0.073611
0 0.657422 0.354167 0.061719 0.063889
0 0.621484 0.133333 0.033594 0.055556
0 0.550000 0.103472 0.031250 0.068056
0 0.579297 0.111111 0.036719 0.072222
0 0.410156 0.230556 0.028125 0.080556
0 0.417578 0.336806 0.035156 0.062500
0 0.418359 0.379167 0.036719 0.052778
0 0.414453 0.415278 0.047656 0.069444
0 0.734375 0.550694 0.043750 0.051389
0 0.750391 0.629861 0.063281 0.045833
0 0.759375 0.693750 0.039063 0.073611
0 0.710156 0.719444 0.035937 0.069444
0 0.584375 0.571528 0.025000 0.079167
0 0.356250 0.397917 0.039063 0.056944
0 0.263672 0.452778 0.046094 0.061111
0 0.318750 0.469444 0.051562 0.063889
0 0.218750 0.513194 0.056250 0.065278
0 0.162109 0.563194 0.046094 0.084722
0 0.217187 0.618056 0.059375 0.063889
0 0.216016 0.661111 0.042969 0.052778
0 0.273438 0.584722 0.045313 0.061111
0 0.758203 0.972222 0.036719 0.055556
0 0.573438 0.726389 0.032812 0.083333
0 0.557031 0.804167 0.043750 0.094444
0 0.571094 0.929167 0.048437 0.102778
0 0.664063 0.838194 0.057813 0.073611
0 0.639844 0.868750 0.040625 0.093056
0 0.660156 0.947917 0.043750 0.095833
0 0.695703 0.971528 0.033594 0.056944
0 0.353516 0.516667 0.049219 0.063889
0 0.328906 0.550000 0.045313 0.052778
0 0.389844 0.564583 0.034375 0.090278
0 0.334375 0.637500 0.042188 0.097222
0 0.266406 0.840278 0.053125 0.091667
0 0.479297 0.523611 0.025781 0.075000
0 0.463672 0.552083 0.028906 0.073611
0 0.498828 0.638194 0.047656 0.087500
0 0.441797 0.607639 0.042969 0.062500
0 0.461328 0.643750 0.050781 0.065278
0 0.389453 0.644444 0.050781 0.075000
0 0.369531 0.695139 0.034375 0.051389
0 0.348047 0.763889 0.032031 0.066667
0 0.369141 0.772222 0.032031 0.055556
0 0.481641 0.922917 0.033594 0.093056
0 0.406250 0.940972 0.053125 0.051389
0 0.522656 0.986806 0.050000 0.026389
