1 0.109766 0.849306 0.030469 0.062500
1 0.485938 0.600000 0.026563 0.069444
1 0.814844 0.754167 0.060938 0.094444
1 0.789063 0.856250 0.048437 0.073611
1 0.853906 0.918750 0.053125 0.070833
1 0.981641 0.261806 0.035156 0.056944
1 0.901172 0.181250 0.046094 0.062500
1 0.498828 0.231944 0.036719 0.044444
1 0.405469 0.298611 0.059375 0.069444
1 0.496094 0.306250 0.042188 0.026389
1 0.489844 0.331250 0.025000 0.029167
1 0.529297 0.399306 0.022656 0.051389
1 0.464063 0.439583 0.035937 0.034722
1 0.446484 0.482639 0.030469 0.087500
1 0.646094 0.170833 0.037500 0.061111
1 0.687891 0.126389 0.021094 0.041667
1 0.693750 0.164583 0.042188 0.026389
1 0.740234 0.157639 0.047656 0.045833
1 0.573438 0.150694 0.042188 0.037500
1 0.567969 0.171528 0.046875 0.037500
1 0.558594 0.204167 0.042188 0.041667
1 0.910547 0.989583 0.041406 0.020833
