0 0.542188 0.806250 0.148438 0.387500
0 0.367578 0.443750 0.030469 0.054167
0 0.444531 0.563194 0.034375 0.073611
0 0.730469 0.391667 0.040625 0.066667
0 0.691406 0.384722 0.032812 0.086111
0 0.650000 0.401389 0.025000 0.075000
0 0.673828 0.255556 0.060156 0.105556
0 0.950781 0.628472 0.040625 0.045833
0 0.585938 0.259722 0.020312 0.069444
0 0.558984 0.300694 0.028906 0.045833
0 0.633984 0.329167 0.022656 0.055556
0 0.597656 0.293750 0.020312 0.029167
0 0.496094 0.263194 0.018750 0.084722
0 0.516406 0.353472 0.048437 0.040278
0 0.403906 0.379167 0.032812 0.061111
0 0.554688 0.361806 0.023438 0.045833
0 0.294141 0.262500 0.052344 0.130556
0 0.413281 0.523611 0.034375 0.080556
0 0.373047 0.376389 0.027344 0.036111
0 0.532422 0.479167 0.021094 0.055556
0 0.531641 0.388889 0.021094 0.027778
0 0.466406 0.297917 0.025000 0.029167
0 0.473437 0.328472 0.017188 0.040278
0 0.431641 0.327778 0.027344 0.033333
0 0.447266 0.346528 0.024219 0.045833
0 0.511719 0.226389 0.014062 0.025000
