1 0.458594 0.907639 0.046875 0.073611
1 0.568359 0.714583 0.027344 0.090278
1 0.571094 0.596528 0.017188 0.065278
1 0.544141 0.630556 0.033594 0.072222
1 0.635938 0.656250 0.031250 0.048611
0 0.676172 0.210417 0.058594 0.120833
0 0.796094 0.393750 0.067188 0.093056
0 0.270312 0.359722 0.053125 0.069444
0 0.178516 0.430556 0.063281 0.072222
0 0.204297 0.610417 0.058594 0.079167
0 0.213281 0.943750 0.065625 0.079167
0 0.375000 0.548611 0.057813 0.075000
0 0.437500 0.538889 0.043750 0.063889
0 0.530859 0.550694 0.027344 0.048611
0 0.627344 0.895139 0.039063 0.095833
0 0.939453 0.916667 0.052344 0.116667
0 0.900781 0.934028 0.037500 0.079167
0 0.839453 0.696528 0.064844 0.076389
1 0.794141 0.765972 0.041406 0.101389
1 0.781641 0.967361 0.033594 0.059722
1 0.717578 0.952778 0.047656 0.075000
0 0.727344 0.662500 0.035937 0.047222
0 0.736328 0.808333 0.064844 0.097222
0 0.407813 0.676389 0.078125 0.100000
0 0.460156 0.674306 0.039063 0.054167
0 0.607422 0.987500 0.027344 0.025000
0 0.464063 0.852778 0.046875 0.069444
