1 0.389844 0.316667 0.028125 0.058333
1 0.437500 0.427083 0.031250 0.037500
1 0.348437 0.398611 0.023438 0.047222
1 0.286719 0.437500 0.026563 0.044444
1 0.292969 0.493056 0.025000 0.052778
1 0.325391 0.553472 0.033594 0.059722
1 0.327734 0.632639 0.032031 0.051389
1 0.406250 0.734028 0.040625 0.076389
1 0.337891 0.469444 0.024219 0.038889
1 0.384375 0.434028 0.017188 0.034722
1 0.385547 0.463194 0.022656 0.023611
1 0.388281 0.495139 0.017188 0.034722
1 0.373437 0.509722 0.015625 0.030556
1 0.420312 0.478472 0.014062 0.031944
1 0.433203 0.459722 0.016406 0.030556
1 0.416406 0.511806 0.015625 0.034722
1 0.361328 0.542361 0.021094 0.037500
1 0.380078 0.540972 0.011719 0.040278
1 0.358984 0.587500 0.021094 0.033333
1 0.385547 0.597917 0.019531 0.045833
1 0.188281 0.490278 0.037500 0.044444
1 0.093750 0.922222 0.040625 0.069444
0 0.984766 0.215972 0.028906 0.056944
0 0.923437 0.320139 0.039063 0.073611
0 0.991406 0.350694 0.015625 0.029167
0 0.841016 0.309722 0.097656 0.075000
0 0.777344 0.390278 0.065625 0.075000
0 0.685156 0.454167 0.040625 0.075000
0 0.743359 0.532639 0.053906 0.073611
0 0.794922 0.601389 0.053906 0.063889
0 0.690625 0.631944 0.032812 0.038889
0 0.724609 0.690278 0.041406 0.080556
0 0.666797 0.749306 0.032031 0.070833
0 0.894141 0.663194 0.083594 0.034722
0 0.887891 0.620139 0.069531 0.062500
0 0.853516 0.443056 0.030469 0.044444
0 0.878516 0.377778 0.039844 0.038889
0 0.939062 0.393056 0.082813 0.055556
1 0.921875 0.415278 0.015625 0.044444
1 0.958203 0.436806 0.035156 0.029167
1 0.935547 0.463889 0.028906 0.052778
0 0.983984 0.486111 0.030469 0.050000
0 0.983203 0.550000 0.032031 0.063889
1 0.975391 0.877083 0.044531 0.068056
1 0.894531 0.952778 0.034375 0.094444
0 0.888672 0.704861 0.039844 0.062500
0 0.846484 0.783333 0.032031 0.061111
0 0.820703 0.821528 0.032031 0.029167
