1 0.626953 0.201389 0.025781 0.033333
1 0.667188 0.245833 0.021875 0.044444
1 0.602734 0.208333 0.024219 0.036111
1 0.370313 0.380556 0.021875 0.088889
1 0.401172 0.340972 0.044531 0.048611
1 0.331641 0.405556 0.030469 0.050000
1 0.251172 0.552083 0.049219 0.045833
1 0.189063 0.591667 0.026563 0.075000
1 0.233984 0.630556 0.071094 0.063889
1 0.289453 0.631250 0.041406 0.095833
1 0.242578 0.761806 0.033594 0.073611
1 0.312500 0.718750 0.032812 0.062500
1 0.358594 0.806250 0.040625 0.079167
1 0.412500 0.827083 0.059375 0.106944
1 0.405078 0.953472 0.041406 0.070833
1 0.860937 0.732639 0.042188 0.070833
1 0.853906 0.566667 0.037500 0.052778
1 0.792188 0.424306 0.028125 0.065278
1 0.358984 0.613889 0.044531 0.061111
1 0.416797 0.656250 0.041406 0.068056
1 0.385547 0.534028 0.042969 0.040278
1 0.421875 0.515278 0.035937 0.063889
1 0.458594 0.548611 0.039063 0.036111
1 0.479297 0.567361 0.035156 0.048611
1 0.427344 0.594444 0.037500 0.058333
1 0.453125 0.602083 0.031250 0.059722
1 0.397266 0.440278 0.033594 0.030556
1 0.393359 0.475694 0.036719 0.051389
1 0.578906 0.690972 0.034375 0.070833
1 0.540234 0.696528 0.028906 0.081944
1 0.528516 0.666667 0.024219 0.052778
1 0.536328 0.542361 0.027344 0.068056
1 0.561719 0.552083 0.025000 0.056944
1 0.656250 0.554167 0.037500 0.044444
1 0.411328 0.395139 0.035156 0.031944
1 0.431250 0.406944 0.034375 0.030556
1 0.454688 0.338889 0.031250 0.027778
1 0.451172 0.360417 0.036719 0.037500
1 0.479297 0.390972 0.032031 0.040278
1 0.498828 0.326389 0.027344 0.036111
1 0.521484 0.360417 0.024219 0.048611
1 0.498828 0.347222 0.033594 0.025000
1 0.491406 0.370139 0.026563 0.023611
1 0.573438 0.300000 0.015625 0.036111
1 0.562500 0.328472 0.032812 0.040278
1 0.653906 0.353472 0.028125 0.056944
1 0.522656 0.472917 0.012500 0.023611
1 0.502344 0.490972 0.035937 0.034722
1 0.658594 0.413194 0.023438 0.043056
1 0.657812 0.447222 0.025000 0.030556
1 0.640625 0.450000 0.026563 0.055556
1 0.564453 0.467361 0.022656 0.045833
1 0.567187 0.506250 0.034375 0.056944
1 0.605078 0.479167 0.016406 0.044444
1 0.631641 0.498611 0.033594 0.038889
1 0.623438 0.529167 0.018750 0.052778
1 0.603125 0.535417 0.018750 0.048611
1 0.594141 0.506944 0.017969 0.066667
1 0.639063 0.652778 0.039063 0.058333
1 0.617188 0.697917 0.028125 0.031944
1 0.635156 0.725000 0.048437 0.058333
1 0.825781 0.530556 0.035937 0.058333
1 0.793359 0.520833 0.035156 0.069444
1 0.758984 0.556250 0.033594 0.059722
1 0.777344 0.600694 0.048437 0.040278
1 0.719922 0.578472 0.049219 0.062500
1 0.655469 0.613889 0.021875 0.050000
1 0.751172 0.702778 0.069531 0.100000
1 0.733203 0.628472 0.042969 0.065278
1 0.760156 0.630556 0.037500 0.052778
1 0.612891 0.800694 0.033594 0.068056
1 0.682813 0.690972 0.043750 0.112500
1 0.689062 0.623611 0.026563 0.063889
1 0.700391 0.647222 0.024219 0.038889
1 0.680078 0.843056 0.039844 0.075000
1 0.686719 0.805556 0.056250 0.058333
1 0.716016 0.777778 0.046094 0.058333
1 0.625391 0.338194 0.030469 0.059722
