1 0.283984 0.655556 0.038281 0.080556
1 0.269922 0.767361 0.039844 0.109722
1 0.307031 0.846528 0.043750 0.065278
1 0.348828 0.970139 0.042969 0.059722
1 0.455078 0.797917 0.041406 0.073611
1 0.472266 0.654861 0.044531 0.062500
1 0.553906 0.825000 0.028125 0.055556
1 0.604297 0.821528 0.057031 0.062500
1 0.701953 0.652083 0.038281 0.070833
1 0.483984 0.456250 0.032031 0.081944
1 0.539063 0.159722 0.043750 0.052778
1 0.414063 0.093056 0.028125 0.069444
1 0.492969 0.191667 0.025000 0.080556
1 0.470703 0.150694 0.033594 0.068056
1 0.442187 0.158333 0.031250 0.052778
1 0.361328 0.145139 0.049219 0.059722
1 0.261719 0.167361 0.037500 0.070833
1 0.273047 0.248611 0.041406 0.050000
1 0.302344 0.252778 0.023438 0.058333
1 0.338281 0.231944 0.023438 0.066667
1 0.366797 0.237500 0.030469 0.055556
1 0.391797 0.272917 0.038281 0.056944
1 0.377344 0.311111 0.043750 0.036111
1 0.245703 0.375694 0.025781 0.048611
1 0.213281 0.498611 0.028125 0.055556
1 0.253906 0.481250 0.032812 0.048611
1 0.361328 0.403472 0.028906 0.048611
1 0.334766 0.442361 0.025781 0.056944
1 0.355469 0.484722 0.039063 0.055556
1 0.373047 0.538889 0.032031 0.038889
1 0.426953 0.220833 0.041406 0.066667
1 0.657031 0.169444 0.043750 0.080556
1 0.796875 0.304167 0.034375 0.072222
1 0.741016 0.253472 0.032031 0.051389
1 0.744531 0.295139 0.031250 0.045833
1 0.772656 0.355556 0.043750 0.063889
1 0.756250 0.422222 0.037500 0.047222
1 0.462891 0.288194 0.027344 0.070833
1 0.462109 0.353472 0.033594 0.079167
1 0.610937 0.240278 0.034375 0.063889
1 0.708984 0.333333 0.027344 0.050000
1 0.655469 0.315972 0.045313 0.073611
1 0.617969 0.294444 0.028125 0.044444
1 0.613281 0.325000 0.042188 0.052778
1 0.631250 0.395139 0.035937 0.070833
1 0.683984 0.374306 0.042969 0.034722
1 0.667188 0.409722 0.032812 0.058333
1 0.708984 0.436111 0.042969 0.063889
1 0.700000 0.495833 0.029687 0.058333
1 0.652344 0.502778 0.043750 0.058333
1 0.656250 0.538889 0.026563 0.052778
1 0.668750 0.572917 0.020312 0.043056
1 0.536328 0.384028 0.035156 0.065278
1 0.561328 0.358333 0.039844 0.047222
1 0.581250 0.378472 0.037500 0.048611
1 0.576953 0.440972 0.030469 0.073611
