0 0.034766 0.150000 0.069531 0.080556
0 0.740234 0.098611 0.114844 0.127778
0 0.442578 0.117361 0.050781 0.109722
0 0.379687 0.127083 0.045313 0.056944
0 0.508594 0.036806 0.059375 0.056944
0 0.592969 0.103472 0.042188 0.040278
0 0.594141 0.250000 0.025781 0.047222
0 0.608203 0.227083 0.046094 0.068056
0 0.580078 0.507639 0.039844 0.081944
0 0.996094 0.527083 0.003125 0.001389
0 0.962109 0.472222 0.074219 0.102778
0 0.961328 0.569444 0.075781 0.097222
0 0.732813 0.539583 0.218750 0.134722
0 0.551953 0.204861 0.046094 0.051389
0 0.483984 0.248611 0.028906 0.050000
0 0.467969 0.274306 0.028125 0.051389
0 0.439453 0.234028 0.032031 0.062500
0 0.403125 0.196528 0.031250 0.037500
0 0.371484 0.300000 0.042969 0.066667
0 0.435547 0.438194 0.038281 0.065278
0 0.790625 0.318056 0.054688 0.055556
0 0.498437 0.127778 0.031250 0.044444
