0 0.573438 0.620833 0.018750 0.052778
0 0.798437 0.630556 0.054688 0.086111
0 0.697656 0.311806 0.090625 0.090278
0 0.592578 0.203472 0.032031 0.031944
0 0.544531 0.238889 0.039063 0.058333
0 0.599609 0.301389 0.025781 0.033333
0 0.484375 0.334028 0.073437 0.051389
0 0.540234 0.320139 0.025781 0.029167
0 0.285547 0.384028 0.038281 0.051389
0 0.223047 0.588889 0.071094 0.047222
0 0.220703 0.650000 0.039844 0.027778
0 0.135547 0.694444 0.077344 0.133333
0 0.201172 0.697917 0.044531 0.045833
0 0.980078 0.648611 0.038281 0.086111
0 0.603516 0.421528 0.038281 0.059722
0 0.702734 0.497917 0.035156 0.045833
0 0.564453 0.391667 0.032031 0.033333
0 0.527344 0.431250 0.017188 0.034722
0 0.502734 0.418056 0.017969 0.050000
0 0.519922 0.456250 0.025781 0.037500
0 0.475000 0.390278 0.023438 0.038889
0 0.497656 0.578472 0.020312 0.040278
