1 0.255078 0.218056 0.035156 0.080556
1 0.235938 0.433333 0.039063 0.077778
1 0.332031 0.377778 0.048437 0.063889
1 0.380078 0.304861 0.032031 0.062500
1 0.513281 0.348611 0.032812 0.052778
1 0.442187 0.356944 0.031250 0.069444
1 0.415234 0.374306 0.039844 0.056944
1 0.471875 0.390278 0.029687 0.069444
1 0.639063 0.339583 0.031250 0.056944
1 0.623047 0.368750 0.000781 0.001389
1 0.598047 0.422222 0.044531 0.066667
1 0.411328 0.440278 0.047656 0.063889
1 0.455859 0.505556 0.038281 0.069444
1 0.461328 0.561806 0.032031 0.051389
1 0.503906 0.677778 0.034375 0.075000
1 0.524219 0.893750 0.053125 0.076389
1 0.335156 0.942361 0.035937 0.084722
1 0.762109 0.847222 0.036719 0.075000
1 0.235547 0.787500 0.028906 0.052778
1 0.220313 0.815972 0.001563 0.004167
1 0.275781 0.757639 0.029687 0.051389
1 0.248437 0.651389 0.028125 0.061111
1 0.373047 0.645833 0.024219 0.055556
1 0.353125 0.701389 0.032812 0.058333
1 0.378906 0.736806 0.039063 0.068056
1 0.408203 0.783333 0.038281 0.047222
1 0.807031 0.450694 0.045313 0.081944
1 0.789844 0.520139 0.039063 0.056944
1 0.775391 0.588194 0.028906 0.065278
1 0.737500 0.677083 0.034375 0.059722
1 0.734375 0.604167 0.035937 0.063889
1 0.714063 0.765972 0.029687 0.056944
1 0.686328 0.711806 0.047656 0.087500
1 0.259766 0.504861 0.028906 0.062500
1 0.287891 0.505556 0.025781 0.052778
1 0.323828 0.472917 0.025781 0.059722
1 0.351172 0.473611 0.025781 0.055556
1 0.383594 0.506250 0.039063 0.051389
1 0.375781 0.545139 0.048437 0.040278
1 0.660547 0.489583 0.047656 0.073611
1 0.733984 0.416667 0.025781 0.044444
1 0.748438 0.452778 0.031250 0.052778
1 0.718359 0.499306 0.025781 0.051389
1 0.694141 0.575694 0.046094 0.090278
1 0.644922 0.575694 0.035156 0.070833
1 0.615234 0.471528 0.028906 0.051389
1 0.615234 0.514583 0.041406 0.056944
1 0.544922 0.584028 0.038281 0.062500
1 0.564062 0.559722 0.048437 0.047222
1 0.589844 0.574306 0.031250 0.054167
1 0.594922 0.635417 0.033594 0.073611
