1 0.218359 0.679167 0.127344 0.080556
1 0.533203 0.654167 0.133594 0.075000
1 0.776563 0.629167 0.085938 0.216667
1 0.392969 0.039583 0.064062 0.079167
1 0.272656 0.363194 0.078125 0.112500
1 0.279297 0.406250 0.063281 0.040278
1 0.327344 0.442361 0.065625 0.076389
1 0.428125 0.458333 0.001563 0.002778
1 0.460938 0.412500 0.051562 0.088889
1 0.471484 0.505556 0.047656 0.086111
1 0.564062 0.136111 0.050000 0.072222
1 0.721484 0.181250 0.061719 0.084722
1 0.657422 0.234028 0.044531 0.154167
1 0.521484 0.192361 0.055469 0.051389
1 0.518359 0.221528 0.042969 0.051389
1 0.452344 0.232639 0.050000 0.081944
1 0.669141 0.400694 0.057031 0.073611
1 0.738672 0.471528 0.064844 0.068056
1 0.607813 0.395833 0.054688 0.086111
1 0.648438 0.464583 0.064062 0.073611
