1 0.655078 0.124306 0.032031 0.040278
1 0.621875 0.132639 0.020312 0.040278
1 0.699219 0.169444 0.025000 0.044444
1 0.873047 0.365972 0.030469 0.054167
1 0.154687 0.484028 0.070313 0.059722
1 0.051953 0.534028 0.046094 0.095833
1 0.109766 0.582639 0.110156 0.101389
1 0.094531 0.764583 0.057813 0.076389
1 0.212891 0.707639 0.049219 0.098611
1 0.189063 0.562500 0.048437 0.075000
1 0.193359 0.611111 0.077344 0.094444
1 0.292188 0.564583 0.060938 0.093056
1 0.373437 0.621528 0.057813 0.081944
1 0.274609 0.847917 0.061719 0.151389
1 0.388281 0.850000 0.040625 0.094444
1 0.353516 0.872222 0.042969 0.088889
1 0.327344 0.920139 0.043750 0.084722
1 0.283984 0.319444 0.028906 0.058333
1 0.335156 0.295139 0.032812 0.101389
1 0.400391 0.275000 0.000781 0.002778
1 0.376953 0.252778 0.050781 0.052778
1 0.444141 0.250000 0.046094 0.036111
1 0.441016 0.277778 0.046094 0.036111
1 0.471875 0.309722 0.042188 0.036111
1 0.492578 0.295139 0.033594 0.037500
1 0.528125 0.283333 0.025000 0.055556
1 0.498828 0.272917 0.044531 0.040278
1 0.494922 0.248611 0.036719 0.036111
1 0.526563 0.401389 0.018750 0.041667
1 0.502344 0.424306 0.053125 0.040278
1 0.387500 0.308333 0.042188 0.038889
1 0.408594 0.325694 0.042188 0.037500
1 0.363281 0.359028 0.037500 0.045833
1 0.356641 0.397917 0.053906 0.048611
1 0.340625 0.467361 0.048437 0.048611
1 0.388672 0.450000 0.052344 0.055556
1 0.397266 0.547917 0.046094 0.104167
1 0.445703 0.497917 0.053906 0.040278
1 0.468359 0.511111 0.036719 0.050000
1 0.433984 0.552083 0.033594 0.068056
1 0.590625 0.217361 0.017188 0.043056
1 0.578125 0.245139 0.042188 0.054167
1 0.652734 0.255556 0.035156 0.063889
1 0.690234 0.277778 0.033594 0.061111
1 0.981641 0.526389 0.035156 0.050000
1 0.604297 0.680556 0.038281 0.072222
1 0.552344 0.685417 0.042188 0.093056
1 0.535547 0.644444 0.035156 0.055556
1 0.917969 0.484028 0.082813 0.054167
1 0.880859 0.458333 0.033594 0.038889
1 0.710156 0.509028 0.056250 0.056944
1 0.705859 0.367361 0.030469 0.037500
1 0.701172 0.344444 0.032031 0.041667
1 0.680078 0.385417 0.036719 0.062500
1 0.582812 0.404861 0.029687 0.051389
1 0.585156 0.438889 0.043750 0.058333
1 0.546094 0.485417 0.037500 0.068056
1 0.577344 0.497917 0.029687 0.062500
1 0.623047 0.451389 0.027344 0.097222
1 0.638281 0.412500 0.020312 0.052778
1 0.635938 0.481944 0.021875 0.063889
1 0.660547 0.483333 0.030469 0.075000
1 0.669922 0.440972 0.035156 0.059722
1 0.844531 0.497222 0.051562 0.097222
1 0.880469 0.569444 0.067188 0.075000
1 0.860156 0.606250 0.043750 0.081944
1 0.820703 0.600694 0.063281 0.093056
1 0.798828 0.536111 0.063281 0.069444
1 0.712891 0.576389 0.027344 0.066667
1 0.693359 0.630556 0.061719 0.072222
1 0.662891 0.688889 0.050781 0.061111
1 0.702734 0.709028 0.041406 0.043056
1 0.691797 0.740972 0.072656 0.059722
1 0.672656 0.833333 0.032812 0.075000
1 0.880078 0.714583 0.063281 0.095833
1 0.912109 0.765278 0.000781 0.005556
1 0.833984 0.704167 0.049219 0.136111
1 0.759375 0.590972 0.037500 0.073611
1 0.777734 0.624306 0.024219 0.056944
1 0.779297 0.717361 0.000781 0.004167
1 0.758203 0.654167 0.067969 0.088889
1 0.766016 0.725694 0.053906 0.081944
1 0.815625 0.797222 0.073437 0.102778
1 0.798828 0.831944 0.066406 0.077778
1 0.766016 0.834722 0.082031 0.077778
1 0.772656 0.915972 0.059375 0.112500
