0 0.173438 0.498611 0.018750 0.038889
0 0.278516 0.472917 0.022656 0.031944
0 0.358594 0.470833 0.020312 0.027778
0 0.384766 0.450000 0.014844 0.019444
0 0.397656 0.450694 0.010937 0.012500
0 0.401172 0.462500 0.016406 0.022222
0 0.421484 0.443056 0.014844 0.022222
0 0.410547 0.486111 0.025781 0.030556
0 0.434766 0.463194 0.013281 0.018056
0 0.462109 0.452083 0.010156 0.018056
0 0.441797 0.452778 0.013281 0.019444
0 0.450000 0.457639 0.017188 0.018056
0 0.446875 0.470139 0.012500 0.020833
0 0.630469 0.474306 0.017188 0.029167
0 0.573047 0.463889 0.010156 0.027778
0 0.547266 0.456250 0.013281 0.020833
0 0.547656 0.475694 0.020312 0.018056
0 0.492969 0.453472 0.017188 0.015278
0 0.489844 0.467361 0.035937 0.023611
0 0.525391 0.486111 0.019531 0.022222
0 0.534375 0.500000 0.017188 0.022222
0 0.528125 0.524306 0.026563 0.026389
0 0.567187 0.508333 0.014062 0.025000
0 0.559375 0.524306 0.017188 0.023611
