0 0.863672 0.504861 0.060156 0.059722
0 0.764844 0.483333 0.079687 0.125000
0 0.577734 0.631250 0.133594 0.176389
0 0.188281 0.536806 0.093750 0.115278
0 0.107813 0.603472 0.068750 0.084722
0 0.458594 0.521528 0.034375 0.065278
0 0.584375 0.454861 0.048437 0.068056
0 0.658984 0.456944 0.044531 0.052778
0 0.612500 0.515278 0.045313 0.052778
1 0.266797 0.492361 0.022656 0.037500
1 0.338672 0.461806 0.035156 0.043056
1 0.314063 0.565278 0.029687 0.066667
1 0.433984 0.515972 0.024219 0.031944
1 0.443359 0.470139 0.021094 0.029167
1 0.505859 0.493750 0.024219 0.043056
1 0.526563 0.449306 0.018750 0.034722
1 0.510547 0.442361 0.016406 0.029167
1 0.491016 0.463889 0.033594 0.027778
1 0.467187 0.476389 0.020312 0.030556
0 0.442187 0.440278 0.020312 0.019444
