1 0.584375 0.674306 0.026563 0.059722
1 0.560156 0.670833 0.020312 0.038889
1 0.606250 0.444444 0.017188 0.044444
1 0.524609 0.434722 0.021094 0.030556
1 0.583594 0.267361 0.017188 0.034722
1 0.512109 0.255556 0.022656 0.036111
1 0.531641 0.244444 0.017969 0.022222
1 0.371875 0.227083 0.018750 0.040278
1 0.372266 0.274306 0.022656 0.051389
1 0.295312 0.356250 0.015625 0.045833
1 0.271875 0.403472 0.028125 0.045833
1 0.385547 0.402778 0.028906 0.036111
1 0.389062 0.450000 0.021875 0.044444
0 0.040625 0.570139 0.053125 0.081944
0 0.107031 0.566667 0.060938 0.075000
0 0.362891 0.718056 0.027344 0.061111
0 0.347656 0.814583 0.042188 0.087500
0 0.329688 0.853472 0.042188 0.068056
0 0.284766 0.893750 0.072656 0.081944
0 0.664453 0.850694 0.035156 0.076389
0 0.686719 0.631944 0.035937 0.052778
0 0.818359 0.440278 0.042969 0.050000
0 0.557422 0.373611 0.024219 0.038889
0 0.320703 0.252083 0.044531 0.051389
0 0.480859 0.491667 0.033594 0.047222
0 0.349609 0.445139 0.033594 0.090278
0 0.348047 0.540972 0.063281 0.056944
0 0.403906 0.252083 0.034375 0.054167
0 0.421484 0.278472 0.000781 0.001389
1 0.363281 0.512500 0.021875 0.044444
1 0.417969 0.379167 0.029687 0.041667
1 0.464063 0.382639 0.028125 0.040278
1 0.471094 0.414583 0.018750 0.020833
0 0.318750 0.157639 0.039063 0.056944
