1 0.618359 0.714583 0.035156 0.043056
1 0.660547 0.708333 0.028906 0.047222
1 0.686328 0.734722 0.028906 0.036111
1 0.456250 0.665278 0.004688 0.002778
1 0.449609 0.650694 0.022656 0.043056
1 0.478125 0.686806 0.023438 0.034722
1 0.303125 0.723611 0.032812 0.050000
1 0.581641 0.869444 0.042969 0.047222
1 0.478906 0.802778 0.029687 0.041667
0 0.029297 0.607639 0.058594 0.106944
0 0.031641 0.759028 0.063281 0.087500
0 0.250391 0.665278 0.039844 0.061111
0 0.216016 0.806250 0.057031 0.093056
0 0.305469 0.670833 0.042188 0.061111
0 0.373437 0.850000 0.037500 0.055556
0 0.492578 0.923611 0.049219 0.080556
0 0.632422 0.915972 0.052344 0.090278
0 0.647656 0.838194 0.039063 0.054167
0 0.565625 0.782639 0.056250 0.040278
0 0.567187 0.829861 0.034375 0.070833
0 0.437109 0.772222 0.041406 0.069444
0 0.394531 0.537500 0.028125 0.033333
0 0.380859 0.575694 0.039844 0.045833
0 0.403516 0.560417 0.027344 0.040278
0 0.413672 0.598611 0.042969 0.044444
0 0.536719 0.621528 0.029687 0.034722
0 0.553125 0.625000 0.017188 0.030556
0 0.555078 0.539583 0.025781 0.048611
0 0.683984 0.551389 0.027344 0.061111
0 0.576172 0.413194 0.011719 0.029167
0 0.758594 0.567361 0.037500 0.062500
0 0.819922 0.606944 0.028906 0.052778
0 0.713672 0.622222 0.036719 0.055556
0 0.715625 0.661806 0.031250 0.040278
0 0.715234 0.717361 0.027344 0.040278
0 0.639063 0.629861 0.043750 0.076389
0 0.519141 0.711806 0.028906 0.043056
0 0.498047 0.763889 0.038281 0.061111
