1 0.837891 0.631250 0.071094 0.062500
1 0.774609 0.561111 0.064844 0.050000
1 0.115625 0.092361 0.068750 0.101389
1 0.037891 0.255556 0.075781 0.091667
1 0.253516 0.222222 0.103906 0.083333
1 0.344531 0.138194 0.073437 0.079167
1 0.430078 0.184722 0.108594 0.066667
1 0.386719 0.247222 0.089062 0.075000
1 0.567578 0.370139 0.074219 0.068056
1 0.405469 0.395833 0.117188 0.072222
1 0.519531 0.413889 0.106250 0.052778
1 0.439844 0.486806 0.056250 0.084722
1 0.291406 0.619444 0.051562 0.072222
1 0.241406 0.607639 0.053125 0.095833
1 0.134766 0.395139 0.083594 0.070833
1 0.169922 0.465278 0.072656 0.080556
1 0.091406 0.428472 0.082813 0.084722
1 0.233594 0.835417 0.046875 0.056944
1 0.237109 0.745139 0.082031 0.073611
1 0.165625 0.708333 0.068750 0.069444
1 0.021094 0.755556 0.042188 0.055556
1 0.029297 0.829167 0.049219 0.077778
1 0.081250 0.727778 0.073437 0.038889
1 0.085547 0.750694 0.086719 0.051389
1 0.126953 0.779167 0.130469 0.058333
1 0.118359 0.845139 0.094531 0.084722
