0 0.353906 0.640972 0.056250 0.062500
0 0.383594 0.682639 0.028125 0.062500
0 0.412891 0.922917 0.055469 0.090278
0 0.601953 0.750694 0.089844 0.068056
0 0.966406 0.766667 0.065625 0.100000
0 0.875391 0.904861 0.083594 0.151389
0 0.545703 0.581944 0.050781 0.058333
0 0.510938 0.705556 0.035937 0.100000
0 0.535156 0.771528 0.025000 0.048611
0 0.588672 0.638889 0.017969 0.025000
0 0.580859 0.815278 0.030469 0.061111
0 0.522266 0.886111 0.110156 0.091667
0 0.475000 0.915972 0.003125 0.004167
0 0.462109 0.647222 0.039844 0.050000
0 0.761719 0.631250 0.045313 0.051389
0 0.170703 0.935417 0.105469 0.129167
0 0.431250 0.769444 0.039063 0.055556
0 0.411328 0.782639 0.030469 0.051389
0 0.628906 0.557639 0.053125 0.051389
0 0.679297 0.589583 0.044531 0.051389
0 0.740625 0.574306 0.035937 0.037500
0 0.588672 0.952778 0.038281 0.075000
0 0.522656 0.977083 0.031250 0.045833
0 0.693359 0.945833 0.047656 0.086111
0 0.796484 0.850000 0.041406 0.055556
0 0.701172 0.773611 0.035156 0.063889
0 0.832031 0.770833 0.043750 0.063889
0 0.783594 0.760417 0.035937 0.048611
0 0.741797 0.736111 0.038281 0.058333
0 0.738281 0.665972 0.025000 0.029167
0 0.728906 0.682639 0.043750 0.040278
0 0.709375 0.710417 0.043750 0.051389
0 0.990625 0.898611 0.017188 0.069444
0 0.331250 0.812500 0.092188 0.102778
0 0.356250 0.830556 0.071875 0.086111
0 0.523828 0.893750 0.038281 0.056944
1 0.419531 0.666667 0.010937 0.025000
