1 0.138281 0.900694 0.018750 0.045833
0 0.105859 0.966667 0.075781 0.066667
0 0.158203 0.965972 0.035156 0.068056
0 0.171484 0.820139 0.061719 0.098611
0 0.167969 0.595139 0.062500 0.081944
0 0.629687 0.518750 0.034375 0.037500
0 0.632422 0.560417 0.038281 0.043056
0 0.653906 0.645139 0.048437 0.068056
0 0.607422 0.584722 0.028906 0.041667
0 0.569141 0.563194 0.033594 0.029167
0 0.558203 0.600000 0.058594 0.044444
0 0.522656 0.621528 0.025000 0.040278
0 0.483594 0.476389 0.031250 0.050000
0 0.435937 0.477083 0.021875 0.029167
0 0.491406 0.529861 0.028125 0.048611
0 0.482812 0.578472 0.023438 0.040278
0 0.465234 0.598611 0.025781 0.044444
0 0.444922 0.613889 0.030469 0.052778
0 0.413281 0.611806 0.018750 0.045833
0 0.398047 0.594444 0.030469 0.047222
0 0.382031 0.577083 0.026563 0.045833
0 0.344922 0.543750 0.042969 0.062500
0 0.280469 0.533333 0.032812 0.038889
0 0.262500 0.579167 0.051562 0.061111
0 0.283203 0.675000 0.036719 0.044444
0 0.294922 0.759028 0.061719 0.076389
0 0.349219 0.780556 0.050000 0.094444
0 0.465625 0.640278 0.035937 0.036111
0 0.418750 0.718056 0.051562 0.133333
0 0.474219 0.743056 0.037500 0.047222
0 0.573047 0.697917 0.046094 0.045833
0 0.608594 0.740278 0.034375 0.063889
0 0.578516 0.769444 0.036719 0.052778
0 0.594922 0.829861 0.049219 0.054167
0 0.643359 0.873611 0.024219 0.050000
0 0.793359 0.897917 0.032031 0.048611
0 0.867969 0.957639 0.060938 0.062500
0 0.711719 0.947222 0.078125 0.105556
0 0.515234 0.781944 0.044531 0.075000
0 0.494141 0.831250 0.071094 0.076389
0 0.517578 0.927778 0.085156 0.105556
0 0.339844 0.884028 0.067188 0.087500
0 0.356641 0.910417 0.049219 0.065278
0 0.359375 0.963889 0.125000 0.072222
