1 0.199219 0.563194 0.021875 0.037500
1 0.286719 0.485417 0.028125 0.020833
1 0.360547 0.497917 0.019531 0.031944
1 0.424219 0.425000 0.010937 0.025000
1 0.382813 0.452083 0.020312 0.037500
1 0.401563 0.450000 0.015625 0.025000
1 0.397656 0.481250 0.025000 0.037500
1 0.408594 0.527083 0.025000 0.029167
1 0.431250 0.479167 0.020312 0.025000
1 0.439453 0.504861 0.019531 0.029167
1 0.446484 0.475000 0.013281 0.033333
1 0.438672 0.462500 0.013281 0.019444
1 0.458203 0.452083 0.016406 0.023611
1 0.484375 0.471528 0.017188 0.023611
1 0.471484 0.495833 0.019531 0.033333
1 0.487891 0.508333 0.021094 0.027778
1 0.536328 0.488194 0.017969 0.031944
1 0.560156 0.491667 0.015625 0.019444
1 0.606641 0.529861 0.013281 0.029167
1 0.534375 0.524306 0.028125 0.040278
1 0.510938 0.556250 0.028125 0.037500
1 0.516406 0.590972 0.017188 0.037500
1 0.505469 0.652083 0.028125 0.034722
1 0.543359 0.615972 0.016406 0.037500
1 0.532812 0.648611 0.014062 0.033333
