1 0.293359 0.428472 0.033594 0.023611
1 0.376953 0.454167 0.025781 0.022222
1 0.417188 0.459028 0.029687 0.026389
1 0.457422 0.487500 0.017969 0.030556
1 0.496875 0.447222 0.023438 0.027778
1 0.548047 0.453472 0.016406 0.026389
1 0.559375 0.486111 0.018750 0.030556
1 0.682813 0.479167 0.018750 0.022222
0 0.070703 0.481250 0.053906 0.059722
0 0.142188 0.479861 0.040625 0.051389
0 0.230078 0.469444 0.053906 0.038889
0 0.297656 0.464583 0.043750 0.043056
0 0.331641 0.483333 0.044531 0.063889
0 0.401563 0.494444 0.031250 0.041667
0 0.431250 0.518056 0.039063 0.069444
0 0.510547 0.570139 0.035156 0.045833
0 0.531641 0.470833 0.039844 0.038889
0 0.379687 0.432639 0.035937 0.034722
0 0.588281 0.454167 0.031250 0.041667
1 0.567969 0.465278 0.009375 0.030556
0 0.629687 0.455556 0.023438 0.047222
0 0.649609 0.533333 0.046094 0.036111
1 0.616797 0.525000 0.019531 0.044444
0 0.664453 0.504167 0.028906 0.038889
0 0.701953 0.525694 0.041406 0.045833
0 0.727734 0.481250 0.049219 0.065278
0 0.769922 0.484028 0.041406 0.034722
0 0.891406 0.488889 0.065625 0.044444
0 0.455859 0.452083 0.024219 0.029167
0 0.526953 0.432639 0.033594 0.037500
