0 0.859766 0.095833 0.049219 0.077778
0 0.804688 0.061111 0.040625 0.052778
0 0.812500 0.120833 0.062500 0.058333
0 0.819141 0.166667 0.052344 0.080556
0 0.754687 0.073611 0.037500 0.086111
0 0.706250 0.019444 0.045313 0.036111
0 0.544141 0.041667 0.024219 0.066667
0 0.541016 0.106944 0.049219 0.072222
0 0.575781 0.077083 0.048437 0.040278
0 0.601563 0.108333 0.045313 0.088889
0 0.628906 0.123611 0.037500 0.052778
0 0.664453 0.103472 0.039844 0.081944
0 0.714844 0.150000 0.042188 0.066667
0 0.286719 0.015278 0.032812 0.027778
0 0.363281 0.018750 0.050000 0.037500
0 0.168750 0.188889 0.048437 0.061111
0 0.233594 0.160417 0.034375 0.054167
0 0.180859 0.461111 0.038281 0.102778
0 0.272266 0.361111 0.038281 0.075000
0 0.288672 0.513889 0.042969 0.069444
0 0.316797 0.620139 0.052344 0.065278
0 0.401563 0.516667 0.051562 0.063889
0 0.516797 0.560417 0.038281 0.051389
0 0.598437 0.556250 0.026563 0.054167
0 0.568750 0.565972 0.046875 0.056944
0 0.442578 0.381250 0.049219 0.054167
0 0.370703 0.129167 0.028906 0.063889
0 0.354688 0.150694 0.020312 0.070833
0 0.335938 0.159028 0.021875 0.065278
0 0.333984 0.247917 0.041406 0.040278
0 0.513672 0.179167 0.035156 0.066667
0 0.687500 0.222222 0.045313 0.063889
0 0.732813 0.236111 0.035937 0.063889
0 0.667969 0.286111 0.040625 0.075000
0 0.703125 0.315278 0.032812 0.061111
0 0.785547 0.324306 0.042969 0.070833
