0 0.812500 0.955556 0.085938 0.088889
1 0.214844 0.759028 0.037500 0.068056
1 0.422656 0.788889 0.053125 0.077778
1 0.489844 0.800694 0.039063 0.045833
1 0.501953 0.757639 0.039844 0.037500
1 0.529297 0.730556 0.019531 0.044444
1 0.458203 0.688194 0.032031 0.040278
1 0.590234 0.613889 0.041406 0.050000
1 0.667188 0.662500 0.040625 0.061111
1 0.740234 0.705556 0.041406 0.041667
1 0.619141 0.730556 0.027344 0.052778
1 0.581641 0.678472 0.050781 0.087500
1 0.376172 0.669444 0.035156 0.066667
1 0.361328 0.702083 0.032031 0.045833
0 0.220703 0.497222 0.052344 0.080556
0 0.273047 0.542361 0.044531 0.070833
0 0.335156 0.524306 0.037500 0.031944
0 0.334766 0.550694 0.050781 0.040278
0 0.400391 0.523611 0.047656 0.044444
0 0.403516 0.554167 0.055469 0.033333
0 0.402734 0.583333 0.025781 0.044444
0 0.293750 0.408333 0.046875 0.047222
0 0.324219 0.333333 0.048437 0.050000
0 0.361328 0.346528 0.028906 0.043056
0 0.392188 0.334028 0.032812 0.040278
0 0.412891 0.270833 0.025781 0.044444
0 0.443750 0.342361 0.029687 0.040278
1 0.400391 0.403472 0.032031 0.048611
1 0.422656 0.404861 0.015625 0.020833
0 0.351953 0.427083 0.024219 0.026389
0 0.440625 0.450694 0.043750 0.031944
0 0.454688 0.499306 0.039063 0.051389
0 0.410547 0.369444 0.032031 0.036111
1 0.366406 0.377778 0.032812 0.038889
1 0.448438 0.419444 0.031250 0.038889
0 0.526172 0.611806 0.044531 0.070833
0 0.848828 0.627778 0.072656 0.091667
0 0.841797 0.489583 0.049219 0.043056
0 0.826172 0.520833 0.049219 0.091667
0 0.736719 0.459722 0.034375 0.063889
0 0.756641 0.615972 0.061719 0.079167
0 0.729297 0.381250 0.041406 0.037500
0 0.700781 0.278472 0.025000 0.068056
1 0.663672 0.293056 0.046094 0.041667
0 0.619531 0.247917 0.043750 0.056944
0 0.599609 0.286111 0.025781 0.041667
0 0.562109 0.245833 0.042969 0.038889
0 0.556250 0.290278 0.039063 0.047222
0 0.481250 0.238194 0.025000 0.045833
0 0.469141 0.262500 0.030469 0.052778
0 0.464063 0.305556 0.015625 0.025000
0 0.476563 0.331944 0.015625 0.030556
0 0.515234 0.303472 0.025781 0.043056
0 0.501953 0.359722 0.033594 0.052778
0 0.550781 0.411111 0.039063 0.075000
0 0.516406 0.418750 0.031250 0.051389
0 0.585547 0.331944 0.041406 0.027778
0 0.604297 0.382639 0.042969 0.056944
0 0.655859 0.335417 0.039844 0.037500
0 0.640625 0.378472 0.025000 0.040278
0 0.684375 0.384028 0.035937 0.051389
1 0.667969 0.429861 0.035937 0.043056
0 0.709375 0.536806 0.032812 0.059722
1 0.661719 0.565278 0.014062 0.044444
1 0.680078 0.540278 0.014844 0.027778
0 0.656641 0.504167 0.041406 0.027778
0 0.658984 0.527778 0.024219 0.025000
0 0.621484 0.443750 0.019531 0.031944
0 0.614844 0.514583 0.035937 0.062500
0 0.596484 0.546528 0.000781 0.001389
0 0.573828 0.477083 0.064844 0.056944
0 0.533203 0.521528 0.072656 0.065278
0 0.491406 0.589583 0.026563 0.051389
1 0.260156 0.674306 0.021875 0.043056
0 0.283984 0.680556 0.024219 0.036111
0 0.243750 0.644444 0.064062 0.036111
