0 0.035937 0.364583 0.071875 0.087500
0 0.040234 0.534028 0.049219 0.076389
0 0.205859 0.743750 0.067969 0.062500
0 0.169922 0.845139 0.103906 0.137500
0 0.670313 0.589583 0.057813 0.098611
0 0.662500 0.854861 0.062500 0.115278
0 0.713672 0.272917 0.053906 0.081944
0 0.751953 0.173611 0.042969 0.041667
0 0.574609 0.059028 0.035156 0.051389
0 0.551172 0.090972 0.039844 0.045833
0 0.628125 0.098611 0.025000 0.055556
0 0.417188 0.056944 0.039063 0.047222
0 0.378125 0.049306 0.045313 0.081944
0 0.309375 0.046528 0.050000 0.062500
0 0.275781 0.160417 0.031250 0.056944
0 0.231250 0.209028 0.039063 0.106944
0 0.512500 0.604861 0.035937 0.079167
0 0.575781 0.636806 0.071875 0.081944
0 0.616406 0.343056 0.037500 0.066667
0 0.598828 0.254861 0.044531 0.056944
0 0.423438 0.214583 0.035937 0.062500
0 0.381250 0.293056 0.034375 0.058333
0 0.337891 0.408333 0.052344 0.091667
0 0.292188 0.427778 0.032812 0.063889
0 0.599609 0.420139 0.050781 0.079167
0 0.558984 0.422917 0.039844 0.079167
0 0.406250 0.252778 0.021875 0.030556
0 0.467187 0.533333 0.020312 0.041667
0 0.584375 0.106250 0.023438 0.040278
0 0.612891 0.129167 0.021094 0.044444
0 0.552344 0.315972 0.046875 0.040278
0 0.542578 0.293750 0.010156 0.029167
0 0.458594 0.470833 0.025000 0.050000
0 0.435937 0.499306 0.017188 0.051389
0 0.441797 0.418056 0.019531 0.052778
0 0.386328 0.440972 0.022656 0.040278
0 0.405469 0.485417 0.009375 0.029167
0 0.243359 0.286806 0.028906 0.043056
0 0.245312 0.361806 0.026563 0.045833
0 0.326953 0.266667 0.021094 0.047222
0 0.356250 0.234028 0.031250 0.031944
0 0.481641 0.216667 0.024219 0.050000
0 0.446875 0.247222 0.021875 0.047222
0 0.380859 0.097917 0.030469 0.051389
