0 0.445703 0.076389 0.052344 0.136111
0 0.488281 0.077778 0.032812 0.075000
0 0.631641 0.679167 0.050781 0.055556
0 0.605859 0.708333 0.000781 0.002778
0 0.463281 0.800000 0.045313 0.069444
0 0.616797 0.253472 0.063281 0.090278
0 0.901953 0.212500 0.053906 0.075000
0 0.315234 0.312500 0.030469 0.069444
0 0.243359 0.341667 0.080469 0.069444
0 0.753906 0.058333 0.092188 0.116667
0 0.500000 0.537500 0.023438 0.047222
0 0.514453 0.577083 0.038281 0.034722
0 0.592578 0.022222 0.052344 0.041667
0 0.749609 0.131944 0.032031 0.069444
0 0.740625 0.234028 0.042188 0.059722
0 0.807813 0.377778 0.039063 0.063889
0 0.150391 0.317361 0.042969 0.054167
0 0.154687 0.370139 0.034375 0.081944
0 0.189063 0.372222 0.026563 0.094444
