0 0.198828 0.098611 0.075781 0.083333
0 0.185937 0.353472 0.046875 0.104167
0 0.095703 0.488889 0.055469 0.102778
0 0.214844 0.484722 0.071875 0.088889
0 0.213672 0.627778 0.108594 0.088889
0 0.405078 0.579861 0.102344 0.118056
0 0.386719 0.036111 0.050000 0.066667
0 0.347656 0.161111 0.040625 0.047222
0 0.378906 0.190972 0.034375 0.048611
0 0.592578 0.484028 0.071094 0.129167
0 0.765234 0.573611 0.061719 0.116667
0 0.709766 0.579861 0.050781 0.109722
0 0.708984 0.461806 0.053906 0.106944
0 0.923828 0.056250 0.036719 0.062500
0 0.744922 0.092361 0.064844 0.070833
0 0.625391 0.093750 0.066406 0.070833
0 0.671094 0.128472 0.048437 0.059722
0 0.470703 0.218056 0.032031 0.061111
0 0.541016 0.235417 0.000781 0.004167
0 0.518750 0.214583 0.067188 0.070833
0 0.566797 0.156250 0.036719 0.068056
0 0.582031 0.223611 0.043750 0.072222
0 0.597656 0.289583 0.059375 0.090278
0 0.551953 0.360417 0.032031 0.065278
0 0.827344 0.243750 0.054688 0.068056
0 0.769141 0.205556 0.085156 0.077778
0 0.769531 0.255556 0.059375 0.086111
0 0.944531 0.177083 0.032812 0.065278
0 0.426953 0.421528 0.036719 0.059722
0 0.364844 0.240972 0.039063 0.045833
0 0.435156 0.163194 0.034375 0.070833
0 0.409375 0.080556 0.035937 0.058333
0 0.322656 0.129861 0.043750 0.051389
0 0.324219 0.264583 0.040625 0.062500
0 0.287891 0.288889 0.044531 0.050000
0 0.537891 0.027778 0.021094 0.050000
0 0.617188 0.031250 0.035937 0.051389
0 0.671875 0.033333 0.031250 0.061111
0 0.965625 0.068750 0.043750 0.073611
0 0.978125 0.139583 0.042188 0.068056
0 0.705078 0.255556 0.028906 0.063889
0 0.682813 0.286111 0.045313 0.083333
