0 0.401563 0.150000 0.046875 0.047222
0 0.296875 0.175694 0.028125 0.062500
0 0.306641 0.219444 0.027344 0.047222
0 0.744922 0.095833 0.058594 0.066667
0 0.931641 0.103472 0.032031 0.056944
0 0.875000 0.118056 0.032812 0.063889
0 0.864062 0.144444 0.023438 0.047222
0 0.834766 0.148611 0.036719 0.052778
0 0.555078 0.226389 0.039844 0.058333
0 0.575781 0.243056 0.050000 0.058333
0 0.534375 0.254861 0.067188 0.045833
0 0.458203 0.310417 0.041406 0.056944
0 0.504297 0.331944 0.024219 0.050000
0 0.478906 0.338889 0.023438 0.050000
0 0.655469 0.254861 0.040625 0.054167
0 0.688281 0.260417 0.028125 0.059722
0 0.694531 0.293056 0.054688 0.041667
0 0.865625 0.204861 0.050000 0.051389
0 0.920703 0.205556 0.050781 0.055556
0 0.819922 0.311806 0.032031 0.054167
0 0.921094 0.620139 0.060938 0.029167
0 0.837891 0.654167 0.041406 0.036111
0 0.844922 0.706250 0.035156 0.031944
0 0.815234 0.564583 0.035156 0.048611
0 0.621484 0.559028 0.044531 0.054167
0 0.584766 0.547222 0.025781 0.036111
0 0.472266 0.415972 0.032031 0.054167
0 0.469531 0.468056 0.028125 0.047222
0 0.453516 0.527778 0.041406 0.072222
0 0.495703 0.471528 0.022656 0.056944
0 0.501172 0.418056 0.027344 0.063889
0 0.525781 0.397917 0.031250 0.043056
0 0.526172 0.426389 0.030469 0.047222
0 0.541406 0.446528 0.035937 0.051389
0 0.550391 0.508333 0.024219 0.047222
0 0.529297 0.521528 0.021094 0.043056
0 0.505469 0.568750 0.070313 0.034722
0 0.517578 0.610417 0.025781 0.043056
0 0.660937 0.690278 0.034375 0.052778
0 0.685938 0.740278 0.043750 0.030556
0 0.682031 0.379861 0.034375 0.040278
0 0.665234 0.429167 0.024219 0.030556
0 0.677344 0.450000 0.032812 0.050000
0 0.677734 0.531250 0.038281 0.056944
0 0.688281 0.572917 0.035937 0.040278
0 0.756250 0.610417 0.045313 0.043056
0 0.942187 0.567361 0.050000 0.029167
0 0.952344 0.588194 0.043750 0.026389
0 0.963281 0.600694 0.032812 0.023611
0 0.864062 0.468056 0.040625 0.036111
0 0.896484 0.465278 0.035156 0.052778
0 0.728516 0.507639 0.024219 0.048611
0 0.746875 0.489583 0.020312 0.037500
0 0.719141 0.390972 0.044531 0.045833
0 0.743359 0.322222 0.049219 0.036111
0 0.710547 0.339583 0.035156 0.034722
0 0.777734 0.518750 0.033594 0.034722
0 0.766797 0.543056 0.049219 0.036111
0 0.776953 0.336111 0.046094 0.044444
0 0.774219 0.361806 0.046875 0.045833
0 0.739062 0.365278 0.037500 0.052778
0 0.873438 0.260417 0.070313 0.045833
0 0.941016 0.234028 0.050781 0.037500
0 0.922656 0.260417 0.057813 0.034722
0 0.974609 0.276389 0.049219 0.069444
0 0.926172 0.300694 0.035156 0.037500
0 0.895312 0.300694 0.040625 0.043056
0 0.873438 0.332639 0.040625 0.037500
0 0.925391 0.330556 0.047656 0.036111
0 0.952734 0.334028 0.033594 0.051389
0 0.975781 0.337500 0.046875 0.030556
0 0.905078 0.363889 0.047656 0.055556
0 0.928516 0.398611 0.025781 0.055556
0 0.908203 0.429861 0.041406 0.043056
0 0.772656 0.663194 0.042188 0.054167
0 0.740234 0.663889 0.046094 0.033333
0 0.740625 0.700694 0.039063 0.054167
0 0.727734 0.722222 0.041406 0.038889
0 0.992188 0.424306 0.014062 0.054167
0 0.966406 0.389583 0.046875 0.051389
0 0.953906 0.381250 0.028125 0.043056
