0 0.487109 0.448611 0.030469 0.033333
0 0.485938 0.504167 0.021875 0.050000
0 0.417188 0.522917 0.023438 0.034722
0 0.379687 0.536111 0.039063 0.047222
0 0.357422 0.638194 0.038281 0.051389
0 0.419141 0.656944 0.032031 0.047222
0 0.419141 0.722917 0.033594 0.062500
0 0.468359 0.678472 0.049219 0.062500
0 0.444531 0.664583 0.020312 0.051389
0 0.526953 0.543056 0.027344 0.047222
0 0.545313 0.459028 0.026563 0.040278
0 0.591797 0.467361 0.032031 0.043056
0 0.635156 0.491667 0.031250 0.041667
0 0.649609 0.550694 0.027344 0.040278
0 0.774219 0.511806 0.040625 0.040278
0 0.770703 0.540278 0.024219 0.038889
0 0.867188 0.582639 0.032812 0.048611
0 0.744922 0.674306 0.050781 0.048611
0 0.716016 0.588889 0.050781 0.066667
0 0.557031 0.747917 0.057813 0.068056
0 0.590234 0.827083 0.075781 0.051389
0 0.800781 0.713194 0.068750 0.073611
0 0.609766 0.718056 0.032031 0.075000
0 0.832812 0.649306 0.031250 0.051389
0 0.979297 0.634722 0.039844 0.055556
0 0.961719 0.656250 0.056250 0.045833
0 0.966406 0.700694 0.059375 0.040278
0 0.933203 0.695139 0.071094 0.037500
0 0.924609 0.756250 0.083594 0.040278
0 0.989062 0.836806 0.020312 0.056944
0 0.866016 0.680556 0.064844 0.036111
0 0.627734 0.620139 0.042969 0.048611
0 0.561328 0.668750 0.041406 0.034722
0 0.575781 0.690278 0.042188 0.036111
0 0.624609 0.784722 0.071094 0.055556
0 0.654297 0.833333 0.036719 0.063889
0 0.833984 0.818056 0.064844 0.050000
0 0.915625 0.857639 0.084375 0.070833
0 0.863672 0.864583 0.083594 0.056944
0 0.875781 0.912500 0.075000 0.077778
0 0.737109 0.878472 0.039844 0.095833
0 0.719531 0.875694 0.057813 0.081944
0 0.650781 0.690278 0.054688 0.044444
0 0.646094 0.717361 0.053125 0.054167
0 0.555859 0.975694 0.038281 0.048611
0 0.512891 0.940972 0.053906 0.095833
0 0.468359 0.938889 0.067969 0.088889
0 0.517969 0.881944 0.035937 0.069444
0 0.517969 0.795833 0.035937 0.077778
0 0.507422 0.758333 0.027344 0.063889
0 0.468750 0.794444 0.043750 0.066667
0 0.445703 0.838194 0.036719 0.054167
0 0.454297 0.889583 0.035156 0.084722
