1 0.341016 0.227778 0.071094 0.122222
1 0.560938 0.158333 0.048437 0.075000
1 0.651953 0.415972 0.000781 0.001389
1 0.629687 0.375000 0.051562 0.080556
1 0.493359 0.337500 0.036719 0.052778
1 0.577344 0.438194 0.042188 0.145833
1 0.464453 0.395833 0.052344 0.041667
1 0.467187 0.425694 0.039063 0.045833
1 0.411719 0.447917 0.035937 0.065278
1 0.285937 0.620139 0.039063 0.051389
1 0.244922 0.628472 0.000781 0.001389
1 0.270312 0.584028 0.068750 0.095833
1 0.324219 0.650000 0.054688 0.091667
1 0.251172 0.853472 0.080469 0.079167
1 0.427344 0.623611 0.060938 0.075000
1 0.438281 0.706250 0.037500 0.087500
1 0.490234 0.818056 0.107031 0.091667
1 0.669531 0.792361 0.067188 0.156944
1 0.601953 0.712500 0.000781 0.005556
1 0.637500 0.659722 0.046875 0.088889
1 0.592578 0.595833 0.044531 0.050000
1 0.542188 0.593750 0.051562 0.048611
1 0.567187 0.654861 0.054688 0.065278
