0 0.328516 0.244444 0.092969 0.097222
0 0.254687 0.382639 0.042188 0.129167
0 0.236719 0.631944 0.056250 0.136111
0 0.309766 0.502083 0.067969 0.065278
0 0.331641 0.368056 0.061719 0.069444
0 0.400781 0.295833 0.050000 0.075000
0 0.430078 0.475000 0.067969 0.155556
0 0.485156 0.502083 0.042188 0.084722
0 0.494531 0.668056 0.001563 0.002778
0 0.669141 0.606944 0.097656 0.088889
0 0.514844 0.647917 0.045313 0.087500
0 0.509766 0.756944 0.038281 0.075000
0 0.599609 0.393750 0.063281 0.079167
0 0.385547 0.382639 0.024219 0.040278
0 0.143750 0.783333 0.021875 0.061111
0 0.042969 0.676389 0.031250 0.038889
0 0.409375 0.418750 0.014062 0.029167
