0 0.575000 0.054167 0.059375 0.105556
0 0.491406 0.171528 0.085938 0.156944
0 0.560938 0.175694 0.040625 0.065278
0 0.754687 0.260417 0.042188 0.068056
0 0.693359 0.357639 0.096094 0.181944
0 0.388281 0.330556 0.065625 0.091667
0 0.238281 0.422222 0.062500 0.080556
0 0.094922 0.955556 0.075781 0.088889
0 0.474609 0.452083 0.047656 0.076389
0 0.351563 0.517361 0.045313 0.076389
0 0.395703 0.563194 0.046094 0.084722
0 0.526953 0.620833 0.057031 0.086111
0 0.580859 0.576389 0.057031 0.069444
0 0.581250 0.640972 0.039063 0.068056
0 0.475781 0.905556 0.081250 0.172222
0 0.474219 0.585417 0.042188 0.084722
0 0.495313 0.374306 0.048437 0.112500
1 0.548437 0.361111 0.035937 0.055556
1 0.539063 0.535417 0.050000 0.040278
1 0.742578 0.758333 0.069531 0.050000
1 0.460938 0.752083 0.039063 0.065278
1 0.412891 0.760417 0.047656 0.070833
1 0.446484 0.658333 0.046094 0.058333
0 0.369922 0.645139 0.057031 0.070833
