0 0.686328 0.920139 0.121094 0.143056
0 0.705859 0.558333 0.072656 0.102778
0 0.850391 0.374306 0.033594 0.059722
0 0.938672 0.381944 0.042969 0.055556
0 0.740625 0.377778 0.023438 0.030556
0 0.768359 0.413889 0.021094 0.041667
0 0.795703 0.427083 0.036719 0.037500
0 0.805859 0.457639 0.027344 0.040278
0 0.573438 0.388194 0.025000 0.034722
0 0.581641 0.427083 0.014844 0.048611
0 0.560156 0.434028 0.018750 0.029167
0 0.586719 0.516667 0.056250 0.072222
0 0.529297 0.476389 0.035156 0.052778
0 0.508594 0.501389 0.039063 0.036111
0 0.376563 0.409722 0.087500 0.077778
0 0.481250 0.468056 0.035937 0.044444
0 0.444922 0.443750 0.027344 0.034722
0 0.341797 0.554167 0.042969 0.069444
0 0.248437 0.460417 0.046875 0.045833
0 0.179297 0.456944 0.039844 0.052778
0 0.120703 0.525694 0.071094 0.081944
0 0.666016 0.459028 0.049219 0.031944
0 0.693750 0.421528 0.054688 0.048611
0 0.760938 0.471528 0.040625 0.034722
0 0.725781 0.451389 0.034375 0.041667
0 0.712500 0.488194 0.021875 0.034722
0 0.503516 0.583333 0.074219 0.058333
0 0.482812 0.521528 0.035937 0.037500
0 0.429297 0.501389 0.058594 0.069444
0 0.251172 0.491667 0.049219 0.038889
0 0.621484 0.554861 0.069531 0.045833
0 0.620313 0.700000 0.067188 0.136111
