0 0.289844 0.103472 0.079687 0.109722
0 0.199609 0.075000 0.047656 0.069444
0 0.339063 0.223611 0.050000 0.100000
0 0.025391 0.279861 0.038281 0.054167
0 0.093750 0.316667 0.117188 0.058333
0 0.969141 0.098611 0.052344 0.102778
0 0.213281 0.022917 0.046875 0.065278
0 0.157422 0.240278 0.044531 0.050000
0 0.059766 0.210417 0.049219 0.065278
0 0.071484 0.267361 0.036719 0.073611
0 0.028906 0.227778 0.048437 0.050000
0 0.704297 0.420833 0.046094 0.058333
0 0.606250 0.291667 0.025000 0.061111
0 0.637891 0.271528 0.041406 0.037500
0 0.751953 0.283333 0.030469 0.055556
0 0.836328 0.237500 0.041406 0.058333
0 0.813672 0.174306 0.025781 0.070833
0 0.759766 0.195139 0.033594 0.045833
0 0.771484 0.058333 0.046094 0.077778
0 0.719922 0.024306 0.025781 0.045833
0 0.682422 0.024306 0.024219 0.037500
0 0.722656 0.084028 0.026563 0.054167
0 0.699609 0.101389 0.019531 0.072222
0 0.713281 0.147222 0.021875 0.038889
0 0.654297 0.150694 0.036719 0.048611
0 0.687500 0.166667 0.020312 0.041667
0 0.640234 0.190278 0.036719 0.044444
0 0.640625 0.223611 0.028125 0.041667
0 0.697266 0.214583 0.033594 0.045833
0 0.695703 0.249306 0.028906 0.043056
0 0.240625 0.319444 0.081250 0.063889
0 0.157813 0.395833 0.126563 0.072222
0 0.170703 0.448611 0.080469 0.052778
0 0.068359 0.406944 0.063281 0.083333
