0 0.901563 0.834028 0.170312 0.168056
0 0.798828 0.860417 0.061719 0.106944
0 0.646094 0.822917 0.150000 0.148611
0 0.025781 0.465972 0.051562 0.068056
0 0.165625 0.468056 0.101563 0.069444
0 0.196875 0.400000 0.053125 0.050000
0 0.176172 0.280556 0.047656 0.055556
0 0.158203 0.329167 0.063281 0.069444
0 0.191016 0.363194 0.000781 0.001389
0 0.292188 0.257639 0.031250 0.037500
0 0.271094 0.281250 0.050000 0.040278
0 0.363281 0.263889 0.045313 0.050000
0 0.326562 0.381250 0.056250 0.065278
0 0.378125 0.383333 0.048437 0.072222
1 0.293750 0.333333 0.023438 0.030556
0 0.437500 0.475694 0.040625 0.101389
0 0.386719 0.531250 0.050000 0.059722
1 0.395312 0.444444 0.032812 0.047222
1 0.379687 0.436111 0.040625 0.041667
0 0.381641 0.490278 0.057031 0.044444
1 0.436328 0.618750 0.060156 0.040278
1 0.477734 0.643750 0.044531 0.065278
1 0.580859 0.572222 0.050781 0.052778
1 0.582031 0.629167 0.037500 0.055556
1 0.682422 0.497222 0.050781 0.052778
1 0.857031 0.664583 0.068750 0.062500
1 0.625000 0.336806 0.040625 0.045833
1 0.628516 0.377083 0.033594 0.040278
1 0.646484 0.408333 0.052344 0.038889
0 0.789063 0.450694 0.082813 0.070833
0 0.753906 0.505556 0.075000 0.100000
0 0.977734 0.438194 0.042969 0.070833
0 0.694141 0.243056 0.046094 0.066667
0 0.713672 0.303472 0.038281 0.040278
1 0.657031 0.276389 0.029687 0.036111
1 0.559766 0.304167 0.027344 0.038889
1 0.500781 0.321528 0.032812 0.029167
0 0.564062 0.379861 0.040625 0.056944
0 0.448438 0.361111 0.050000 0.072222
0 0.535547 0.408333 0.033594 0.052778
0 0.569922 0.455556 0.071094 0.055556
0 0.508984 0.369444 0.038281 0.047222
0 0.601563 0.284722 0.056250 0.058333
0 0.513672 0.221528 0.027344 0.045833
0 0.523047 0.250694 0.025781 0.040278
0 0.507813 0.288889 0.039063 0.044444
0 0.477734 0.302778 0.016406 0.038889
1 0.441016 0.314583 0.019531 0.043056
1 0.423047 0.296528 0.024219 0.034722
1 0.403516 0.287500 0.016406 0.027778
1 0.667188 0.360417 0.035937 0.037500
0 0.887500 0.417361 0.032812 0.045833
