1 0.235156 0.596528 0.053125 0.076389
1 0.571484 0.447917 0.038281 0.054167
1 0.460156 0.647917 0.023438 0.087500
1 0.491016 0.725000 0.035156 0.055556
1 0.565625 0.561111 0.054688 0.091667
1 0.534766 0.651389 0.050781 0.066667
1 0.497266 0.623611 0.041406 0.080556
1 0.520312 0.502778 0.048437 0.150000
0 0.815234 0.129861 0.152344 0.201389
0 0.638672 0.147917 0.114844 0.106944
0 0.269531 0.316667 0.176563 0.219444
0 0.106250 0.393056 0.082813 0.158333
0 0.583984 0.880556 0.058594 0.069444
0 0.601172 0.793750 0.089844 0.073611
0 0.626562 0.631944 0.057813 0.086111
0 0.627344 0.534028 0.053125 0.073611
0 0.712500 0.666667 0.067188 0.086111
0 0.860937 0.738194 0.085938 0.073611
0 0.728516 0.910417 0.092969 0.126389
0 0.368359 0.942361 0.091406 0.087500
0 0.473047 0.327083 0.082031 0.156944
