0 0.667969 0.881250 0.048437 0.065278
0 0.716797 0.788889 0.046094 0.066667
0 0.276953 0.573611 0.060156 0.038889
0 0.313281 0.602083 0.017188 0.037500
0 0.240625 0.438194 0.043750 0.070833
0 0.287109 0.476389 0.038281 0.061111
0 0.345313 0.457639 0.035937 0.040278
0 0.350000 0.487500 0.034375 0.050000
0 0.296094 0.349306 0.045313 0.070833
0 0.319531 0.266667 0.042188 0.055556
0 0.355859 0.277778 0.032031 0.036111
0 0.383594 0.263194 0.035937 0.048611
0 0.398047 0.170139 0.021094 0.045833
0 0.435937 0.270139 0.025000 0.034722
0 0.388281 0.303472 0.070313 0.037500
0 0.443750 0.394444 0.026563 0.027778
0 0.452344 0.436111 0.035937 0.038889
0 0.397266 0.465278 0.039844 0.041667
0 0.408594 0.503472 0.042188 0.076389
0 0.776563 0.530556 0.048437 0.069444
0 0.790234 0.415278 0.046094 0.036111
0 0.482031 0.507639 0.025000 0.043056
0 0.514844 0.541667 0.035937 0.047222
0 0.560938 0.593750 0.035937 0.070833
0 0.649609 0.470833 0.016406 0.027778
0 0.631250 0.491667 0.014062 0.038889
0 0.702344 0.389583 0.029687 0.048611
0 0.701953 0.305556 0.038281 0.036111
0 0.680078 0.200000 0.033594 0.075000
0 0.605859 0.152083 0.049219 0.062500
0 0.587109 0.200694 0.021094 0.029167
0 0.550000 0.150694 0.043750 0.043056
0 0.534375 0.209028 0.034375 0.059722
0 0.470313 0.145139 0.032812 0.048611
0 0.460156 0.167361 0.028125 0.045833
0 0.448438 0.190972 0.020312 0.034722
0 0.453125 0.225000 0.020312 0.025000
0 0.462891 0.254167 0.021094 0.036111
0 0.496484 0.202778 0.017969 0.025000
0 0.500000 0.228472 0.015625 0.026389
0 0.488672 0.294444 0.038281 0.061111
0 0.505078 0.340278 0.022656 0.047222
0 0.537891 0.340972 0.041406 0.081944
0 0.569922 0.254861 0.038281 0.045833
0 0.637891 0.260417 0.036719 0.037500
0 0.621875 0.304167 0.026563 0.038889
0 0.657031 0.318750 0.026563 0.051389
0 0.585156 0.303472 0.032812 0.043056
0 0.600781 0.379167 0.021875 0.050000
0 0.673437 0.449306 0.029687 0.079167
0 0.709375 0.531944 0.054688 0.069444
0 0.595703 0.445139 0.044531 0.068056
0 0.567187 0.400694 0.040625 0.037500
0 0.537500 0.421528 0.029687 0.034722
0 0.523047 0.457639 0.071094 0.073611
0 0.767187 0.444444 0.043750 0.077778
0 0.645312 0.201389 0.045313 0.044444
0 0.690234 0.604861 0.032031 0.031944
0 0.634766 0.582639 0.036719 0.043056
0 0.570313 0.544444 0.035937 0.038889
0 0.589844 0.637500 0.028125 0.052778
0 0.559766 0.870833 0.024219 0.047222
0 0.642969 0.361806 0.039063 0.040278
0 0.632422 0.436806 0.032031 0.034722
0 0.635156 0.457639 0.023438 0.040278
0 0.439453 0.349306 0.027344 0.048611
0 0.415625 0.328472 0.023438 0.034722
0 0.400000 0.335417 0.037500 0.054167
0 0.357812 0.361806 0.025000 0.034722
0 0.291016 0.603472 0.027344 0.045833
0 0.264844 0.665972 0.032812 0.054167
0 0.390234 0.597222 0.030469 0.052778
0 0.377734 0.625000 0.022656 0.041667
0 0.458203 0.602778 0.025781 0.030556
0 0.426172 0.681944 0.025781 0.050000
0 0.516016 0.638889 0.021094 0.036111
0 0.496484 0.659028 0.028906 0.034722
0 0.482422 0.685417 0.033594 0.048611
