0 0.450781 0.643056 0.093750 0.105556
0 0.328125 0.620833 0.110937 0.122222
0 0.301172 0.453472 0.035156 0.068056
0 0.360547 0.458333 0.075781 0.091667
0 0.342969 0.354167 0.065625 0.080556
0 0.378516 0.379861 0.042969 0.045833
0 0.466016 0.364583 0.046094 0.062500
0 0.553516 0.325000 0.047656 0.069444
0 0.515234 0.400000 0.035156 0.052778
0 0.650781 0.307639 0.059375 0.048611
0 0.707422 0.315278 0.053906 0.044444
0 0.808984 0.336111 0.047656 0.044444
0 0.846094 0.398611 0.042188 0.047222
0 0.787891 0.402778 0.046094 0.063889
0 0.777734 0.364583 0.033594 0.037500
0 0.951953 0.452083 0.091406 0.104167
0 0.982031 0.573611 0.035937 0.094444
0 0.635156 0.401389 0.103125 0.063889
0 0.605859 0.441667 0.039844 0.041667
0 0.554297 0.412500 0.030469 0.055556
0 0.575781 0.474306 0.056250 0.059722
0 0.508203 0.479861 0.055469 0.084722
0 0.423438 0.504861 0.059375 0.079167
0 0.605469 0.362500 0.026563 0.050000
0 0.276172 0.728472 0.035156 0.043056
0 0.517578 0.600694 0.033594 0.051389
0 0.229687 0.540278 0.039063 0.069444
0 0.188672 0.490972 0.032031 0.068056
0 0.145313 0.514583 0.056250 0.062500
0 0.156250 0.556250 0.053125 0.051389
0 0.032812 0.701389 0.065625 0.111111
0 0.576563 0.718056 0.046875 0.088889
0 0.569141 0.800694 0.080469 0.126389
0 0.556641 0.541667 0.036719 0.072222
0 0.626172 0.513194 0.035156 0.065278
0 0.695703 0.534722 0.058594 0.075000
0 0.745313 0.501389 0.050000 0.072222
0 0.855469 0.448611 0.034375 0.047222
0 0.902344 0.400000 0.046875 0.052778
0 0.775000 0.307639 0.040625 0.040278
0 0.753516 0.381250 0.028906 0.037500
0 0.746094 0.423611 0.035937 0.038889
0 0.435937 0.426389 0.039063 0.044444
0 0.419141 0.436806 0.038281 0.045833
