0 0.382031 0.713194 0.248437 0.234722
0 0.325000 0.532639 0.115625 0.109722
0 0.735547 0.438194 0.032031 0.065278
0 0.686719 0.443056 0.054688 0.055556
0 0.641016 0.428472 0.053906 0.084722
0 0.596484 0.393056 0.033594 0.047222
0 0.212109 0.791667 0.078906 0.158333
0 0.052344 0.455556 0.104687 0.072222
0 0.518359 0.406250 0.017969 0.026389
0 0.532031 0.445139 0.017188 0.020833
0 0.501562 0.461111 0.020312 0.025000
0 0.478906 0.499306 0.021875 0.031944
0 0.408203 0.447917 0.016406 0.034722
0 0.428516 0.573611 0.019531 0.025000
0 0.447656 0.449306 0.017188 0.034722
0 0.469922 0.440278 0.025781 0.030556
