1 0.361719 0.065278 0.081250 0.091667
1 0.546484 0.022917 0.049219 0.062500
1 0.653125 0.170139 0.060938 0.098611
1 0.250000 0.543750 0.064062 0.098611
1 0.672656 0.401389 0.050000 0.083333
1 0.612500 0.347917 0.059375 0.081944
1 0.540234 0.326389 0.057031 0.086111
1 0.599609 0.421528 0.064844 0.070833
1 0.603906 0.574306 0.064062 0.165278
1 0.534766 0.218056 0.047656 0.122222
1 0.507813 0.147222 0.043750 0.088889
1 0.485547 0.203472 0.057031 0.056944
1 0.483203 0.238194 0.032031 0.056944
1 0.432422 0.247917 0.039844 0.093056
1 0.527344 0.584028 0.071875 0.073611
1 0.497266 0.504167 0.053906 0.077778
1 0.438672 0.443056 0.058594 0.097222
1 0.355859 0.351389 0.047656 0.102778
1 0.293750 0.352778 0.057813 0.069444
1 0.270312 0.402778 0.079687 0.063889
1 0.333594 0.426389 0.057813 0.077778
