1 0.406250 0.540972 0.048437 0.056944
1 0.502344 0.677083 0.029687 0.065278
1 0.705859 0.420139 0.027344 0.090278
1 0.678516 0.565278 0.028906 0.055556
1 0.647266 0.612500 0.035156 0.058333
1 0.658594 0.889583 0.045313 0.065278
1 0.571484 0.335417 0.032031 0.034722
1 0.514063 0.280556 0.029687 0.063889
1 0.527344 0.310417 0.003125 0.004167
1 0.488281 0.314583 0.029687 0.065278
1 0.512891 0.386806 0.025781 0.076389
0 0.737109 0.054861 0.060156 0.073611
0 0.912109 0.393056 0.082031 0.066667
0 0.743750 0.345833 0.054688 0.077778
0 0.787500 0.512500 0.057813 0.091667
0 0.761719 0.689583 0.046875 0.087500
0 0.683594 0.695139 0.048437 0.123611
0 0.784375 0.968750 0.085938 0.062500
0 0.590234 0.931944 0.061719 0.097222
0 0.431250 0.812500 0.048437 0.091667
0 0.102734 0.072917 0.055469 0.076389
0 0.151953 0.280556 0.055469 0.086111
0 0.191016 0.556250 0.063281 0.065278
0 0.077344 0.806250 0.057813 0.104167
0 0.293750 0.966667 0.003125 0.005556
0 0.271484 0.942361 0.063281 0.073611
0 0.324219 0.229861 0.064062 0.068056
0 0.392188 0.225694 0.035937 0.056944
0 0.478516 0.238194 0.019531 0.045833
0 0.650391 0.327778 0.033594 0.047222
0 0.654297 0.449306 0.067969 0.093056
0 0.630469 0.548611 0.028125 0.066667
0 0.547656 0.665278 0.007813 0.002778
0 0.539063 0.617361 0.029687 0.059722
0 0.373437 0.350694 0.109375 0.084722
1 0.382813 0.940972 0.032812 0.106944
0 0.323828 0.872917 0.047656 0.087500
0 0.359766 0.918056 0.035156 0.080556
0 0.552734 0.535417 0.027344 0.070833
0 0.581250 0.610417 0.031250 0.031944
