0 0.221094 0.028472 0.043750 0.056944
0 0.169141 0.063194 0.039844 0.068056
0 0.078906 0.892361 0.029687 0.081944
0 0.308594 0.841667 0.042188 0.047222
0 0.337500 0.536111 0.026563 0.072222
0 0.778906 0.047917 0.029687 0.059722
0 0.745703 0.065972 0.036719 0.079167
0 0.453125 0.126389 0.039063 0.058333
0 0.521094 0.098611 0.023438 0.083333
0 0.566406 0.081250 0.042188 0.056944
0 0.583594 0.125694 0.023438 0.073611
0 0.642187 0.172917 0.037500 0.056944
0 0.553906 0.157639 0.031250 0.090278
0 0.554297 0.247222 0.041406 0.091667
0 0.483594 0.330556 0.028125 0.052778
0 0.680469 0.422222 0.039063 0.047222
0 0.428906 0.354861 0.034375 0.048611
0 0.412109 0.371528 0.042969 0.051389
0 0.510547 0.484722 0.049219 0.066667
0 0.550000 0.418056 0.050000 0.038889
0 0.582422 0.444444 0.022656 0.058333
0 0.630469 0.559028 0.037500 0.070833
0 0.548828 0.463194 0.024219 0.073611
0 0.559766 0.489583 0.024219 0.045833
0 0.968359 0.756250 0.061719 0.045833
0 0.954297 0.792361 0.049219 0.043056
0 0.938672 0.818056 0.050781 0.050000
0 0.922656 0.845139 0.059375 0.045833
0 0.870313 0.879167 0.048437 0.041667
0 0.853906 0.897917 0.039063 0.045833
