0 0.299609 0.795139 0.053906 0.081944
0 0.026953 0.179167 0.053906 0.094444
0 0.114844 0.447222 0.053125 0.063889
0 0.311328 0.564583 0.052344 0.059722
0 0.287891 0.627083 0.039844 0.068056
0 0.365625 0.461111 0.042188 0.058333
0 0.394141 0.547222 0.085156 0.033333
0 0.370313 0.513889 0.048437 0.044444
0 0.609766 0.911806 0.047656 0.109722
0 0.695703 0.859028 0.044531 0.070833
0 0.848047 0.765278 0.069531 0.075000
0 0.742578 0.631250 0.039844 0.065278
0 0.709375 0.613889 0.039063 0.041667
0 0.414063 0.365278 0.028125 0.058333
0 0.292969 0.452778 0.029687 0.038889
0 0.492578 0.551389 0.038281 0.038889
0 0.545313 0.525694 0.067188 0.081944
0 0.603906 0.536806 0.050000 0.068056
0 0.603125 0.585417 0.042188 0.048611
0 0.568359 0.576389 0.032031 0.058333
0 0.337109 0.688889 0.025781 0.041667
0 0.514453 0.393056 0.030469 0.044444
0 0.492969 0.484722 0.032812 0.036111
0 0.350000 0.390972 0.023438 0.045833
0 0.595312 0.470139 0.026563 0.026389
0 0.253906 0.455556 0.034375 0.047222
0 0.131250 0.404167 0.032812 0.033333
1 0.278906 0.409028 0.054688 0.059722
1 0.189063 0.434722 0.112500 0.097222
1 0.183984 0.119444 0.114844 0.097222
1 0.337891 0.208333 0.189844 0.180556
1 0.553125 0.372917 0.045313 0.054167
1 0.456641 0.407639 0.110156 0.131944
0 0.419141 0.475000 0.021094 0.027778
1 0.653516 0.630556 0.067969 0.061111
1 0.628906 0.706250 0.056250 0.059722
1 0.699609 0.696528 0.060156 0.059722
1 0.812891 0.711111 0.094531 0.083333
1 0.839844 0.818056 0.082813 0.072222
1 0.924219 0.793750 0.048437 0.109722
1 0.899609 0.085417 0.030469 0.051389
1 0.662500 0.199306 0.025000 0.031944
1 0.989453 0.350000 0.019531 0.027778
1 0.850781 0.585417 0.057813 0.054167
1 0.981641 0.411111 0.035156 0.069444
1 0.887109 0.285417 0.024219 0.026389
1 0.953516 0.489583 0.035156 0.031944
1 0.536328 0.125000 0.022656 0.030556
1 0.552344 0.143750 0.023438 0.029167
1 0.551953 0.173611 0.022656 0.025000
0 0.196875 0.787500 0.029687 0.027778
0 0.091016 0.772917 0.027344 0.031944
1 0.151172 0.524306 0.019531 0.023611
1 0.409766 0.850000 0.013281 0.025000
1 0.589844 0.676389 0.028125 0.027778
0 0.780859 0.736806 0.021094 0.031944
0 0.741797 0.756944 0.028906 0.050000
0 0.682813 0.530556 0.025000 0.013889
