0 0.645703 0.718750 0.192969 0.234722
0 0.276172 0.322222 0.222656 0.133333
0 0.538281 0.497222 0.045313 0.063889
0 0.778906 0.391667 0.129688 0.094444
0 0.632031 0.315278 0.040625 0.086111
0 0.460938 0.390972 0.079687 0.068056
0 0.485547 0.454861 0.080469 0.101389
1 0.615234 0.454861 0.030469 0.034722
1 0.601953 0.395139 0.016406 0.048611
1 0.532422 0.329861 0.021094 0.034722
1 0.504687 0.358333 0.034375 0.055556
0 0.561719 0.322222 0.028125 0.063889
0 0.626953 0.381250 0.035156 0.059722
0 0.576953 0.384028 0.038281 0.051389
