1 0.110156 0.441667 0.062500 0.086111
1 0.077734 0.485417 0.002344 0.001389
1 0.178125 0.068056 0.043750 0.050000
1 0.287500 0.168056 0.050000 0.058333
1 0.170312 0.243056 0.056250 0.050000
1 0.195703 0.315972 0.103906 0.084722
1 0.299219 0.319444 0.046875 0.080556
1 0.306641 0.255556 0.046094 0.063889
1 0.562109 0.084722 0.025781 0.055556
1 0.889844 0.854861 0.104687 0.120833
1 0.919531 0.743750 0.073437 0.193056
1 0.972266 0.696528 0.053906 0.073611
1 0.969531 0.468056 0.059375 0.066667
1 0.731641 0.143750 0.028906 0.045833
1 0.719922 0.176389 0.030469 0.038889
1 0.717578 0.232639 0.042969 0.051389
1 0.769141 0.250694 0.033594 0.065278
1 0.835156 0.309028 0.042188 0.059722
1 0.884375 0.297222 0.028125 0.041667
1 0.934766 0.398611 0.100781 0.066667
1 0.876172 0.368056 0.036719 0.058333
1 0.817578 0.382639 0.052344 0.062500
1 0.740234 0.335417 0.041406 0.054167
1 0.821875 0.543750 0.070313 0.076389
1 0.823828 0.597917 0.053906 0.051389
1 0.785156 0.657639 0.070313 0.048611
1 0.823438 0.696528 0.064062 0.048611
1 0.351172 0.745833 0.042969 0.155556
1 0.312891 0.670139 0.053906 0.098611
1 0.290234 0.708333 0.060156 0.083333
1 0.463672 0.902083 0.057031 0.123611
1 0.493750 0.785417 0.059375 0.076389
1 0.510156 0.840972 0.060938 0.043056
1 0.641406 0.493056 0.057813 0.041667
1 0.613281 0.502778 0.021875 0.044444
1 0.807031 0.460417 0.053125 0.068056
1 0.762500 0.480556 0.037500 0.069444
1 0.734766 0.381250 0.042969 0.056944
1 0.703906 0.375000 0.043750 0.058333
1 0.673828 0.409028 0.042969 0.048611
1 0.701172 0.425694 0.044531 0.040278
1 0.764453 0.820139 0.071094 0.062500
1 0.753125 0.766667 0.073437 0.055556
1 0.664063 0.843056 0.082813 0.097222
1 0.650000 0.769444 0.079687 0.052778
1 0.662891 0.722917 0.060156 0.065278
1 0.691797 0.687500 0.074219 0.063889
1 0.607422 0.726389 0.050781 0.083333
1 0.405859 0.479167 0.025781 0.091667
1 0.371484 0.490972 0.050781 0.059722
1 0.353516 0.544444 0.055469 0.072222
1 0.617578 0.305556 0.030469 0.055556
1 0.604688 0.283333 0.039063 0.066667
1 0.592969 0.409028 0.028125 0.081944
1 0.566797 0.387500 0.033594 0.066667
1 0.566016 0.271528 0.027344 0.059722
1 0.549609 0.443056 0.042969 0.055556
1 0.543359 0.493750 0.042969 0.054167
1 0.514063 0.427083 0.035937 0.076389
1 0.502734 0.384722 0.035156 0.072222
1 0.483203 0.462500 0.038281 0.069444
1 0.477734 0.378472 0.038281 0.062500
1 0.448828 0.424306 0.036719 0.070833
1 0.431641 0.375694 0.046094 0.054167
1 0.544531 0.202778 0.021875 0.047222
1 0.471875 0.168750 0.078125 0.068056
1 0.386719 0.209722 0.078125 0.075000
1 0.374219 0.258333 0.025000 0.063889
1 0.344922 0.248611 0.025781 0.050000
1 0.363281 0.309028 0.042188 0.070833
1 0.514844 0.225694 0.042188 0.059722
1 0.529688 0.252778 0.039063 0.038889
1 0.496484 0.276389 0.041406 0.058333
1 0.462500 0.228472 0.034375 0.065278
1 0.450000 0.250000 0.045313 0.075000
1 0.462500 0.290972 0.021875 0.054167
1 0.428125 0.268056 0.040625 0.063889
