0 0.065234 0.873611 0.055469 0.100000
0 0.191797 0.324306 0.035156 0.059722
0 0.240625 0.317361 0.040625 0.045833
0 0.304297 0.278472 0.044531 0.056944
0 0.353125 0.177083 0.032812 0.040278
0 0.360156 0.259028 0.039063 0.040278
0 0.385156 0.311806 0.028125 0.059722
0 0.424219 0.296528 0.035937 0.045833
0 0.424219 0.135417 0.025000 0.034722
0 0.480078 0.390278 0.002344 0.002778
0 0.471094 0.381250 0.031250 0.056944
1 0.469922 0.247222 0.022656 0.022222
1 0.469531 0.231250 0.017188 0.031944
1 0.432422 0.251389 0.016406 0.019444
1 0.426562 0.237500 0.010937 0.019444
1 0.500781 0.304861 0.025000 0.029167
1 0.550000 0.192361 0.020312 0.029167
1 0.603906 0.193056 0.015625 0.019444
1 0.596484 0.220139 0.014844 0.023611
1 0.601563 0.289583 0.025000 0.043056
1 0.642969 0.372222 0.031250 0.027778
1 0.676562 0.359722 0.028125 0.027778
0 0.967578 0.217361 0.063281 0.059722
0 0.801953 0.261111 0.083594 0.080556
0 0.768359 0.237500 0.052344 0.069444
1 0.730078 0.247917 0.027344 0.040278
0 0.684375 0.204167 0.021875 0.052778
0 0.615234 0.232639 0.016406 0.029167
0 0.577344 0.139583 0.017188 0.037500
0 0.600000 0.147917 0.012500 0.020833
0 0.588672 0.159722 0.014844 0.027778
0 0.571875 0.259722 0.040625 0.047222
0 0.534766 0.459028 0.028906 0.037500
0 0.463281 0.316667 0.020312 0.036111
0 0.442969 0.340972 0.032812 0.034722
0 0.510156 0.215278 0.035937 0.044444
0 0.432031 0.173611 0.025000 0.033333
0 0.397266 0.247917 0.014844 0.023611
0 0.642187 0.200694 0.037500 0.051389
0 0.691406 0.325694 0.032812 0.051389
0 0.717578 0.369444 0.042969 0.050000
0 0.662891 0.395139 0.038281 0.031944
