0 0.915625 0.349306 0.067188 0.090278
0 0.796484 0.434028 0.077344 0.073611
0 0.732031 0.526389 0.082813 0.111111
0 0.660156 0.505556 0.043750 0.061111
0 0.607422 0.458333 0.032031 0.063889
0 0.414844 0.553472 0.050000 0.079167
0 0.362500 0.502778 0.032812 0.075000
0 0.330859 0.510417 0.036719 0.095833
0 0.377734 0.038889 0.049219 0.075000
0 0.331250 0.178472 0.045313 0.079167
0 0.291016 0.372917 0.044531 0.084722
0 0.339453 0.395833 0.047656 0.052778
0 0.376953 0.320833 0.041406 0.061111
0 0.385938 0.208333 0.050000 0.072222
0 0.423438 0.261111 0.029687 0.047222
0 0.428516 0.161806 0.053906 0.056944
0 0.483594 0.042361 0.051562 0.070833
0 0.532031 0.055556 0.051562 0.083333
0 0.694141 0.039583 0.042969 0.073611
0 0.957422 0.113194 0.046094 0.062500
0 0.959766 0.045139 0.053906 0.065278
0 0.751172 0.183333 0.049219 0.050000
0 0.821875 0.180556 0.051562 0.044444
0 0.815234 0.226389 0.024219 0.033333
0 0.881641 0.240972 0.049219 0.073611
0 0.767578 0.101389 0.060156 0.086111
0 0.680859 0.193750 0.038281 0.062500
0 0.617188 0.077778 0.059375 0.097222
0 0.634375 0.150694 0.025000 0.043056
0 0.583594 0.131944 0.071875 0.086111
0 0.532422 0.275000 0.072656 0.111111
0 0.570313 0.303472 0.034375 0.076389
0 0.560938 0.389583 0.068750 0.084722
0 0.563672 0.483333 0.046094 0.069444
0 0.602734 0.619444 0.035156 0.052778
0 0.584766 0.646528 0.000781 0.001389
0 0.584375 0.646528 0.001563 0.001389
0 0.454297 0.385417 0.052344 0.062500
0 0.397656 0.470139 0.032812 0.051389
0 0.462500 0.485417 0.046875 0.070833
0 0.438672 0.522222 0.000781 0.002778
0 0.510156 0.627778 0.031250 0.080556
0 0.547656 0.562500 0.028125 0.050000
0 0.569531 0.527778 0.023438 0.050000
0 0.484766 0.163889 0.027344 0.063889
0 0.526953 0.155556 0.049219 0.080556
0 0.464453 0.289583 0.041406 0.059722
0 0.499219 0.529167 0.021875 0.047222
0 0.740234 0.377778 0.036719 0.052778
0 0.659766 0.277778 0.032031 0.058333
0 0.644531 0.349306 0.034375 0.054167
0 0.681641 0.366667 0.025781 0.052778
0 0.687891 0.404861 0.022656 0.051389
0 0.666797 0.375694 0.030469 0.037500
0 0.697266 0.452778 0.050781 0.055556
0 0.657031 0.432639 0.039063 0.068056
0 0.508203 0.486806 0.028906 0.051389
