0 0.623828 0.587500 0.135156 0.102778
0 0.624219 0.415972 0.028125 0.059722
0 0.307813 0.806250 0.060938 0.079167
0 0.276172 0.709722 0.111719 0.091667
0 0.260156 0.779861 0.046875 0.045833
0 0.194531 0.419444 0.096875 0.119444
0 0.373828 0.852083 0.027344 0.059722
0 0.359375 0.952083 0.029687 0.062500
0 0.292969 0.543056 0.028125 0.033333
0 0.269141 0.610417 0.030469 0.034722
0 0.433984 0.654861 0.030469 0.054167
0 0.453125 0.552778 0.021875 0.036111
0 0.487500 0.509722 0.018750 0.038889
0 0.433203 0.509722 0.016406 0.030556
0 0.407422 0.509722 0.016406 0.027778
0 0.429297 0.486111 0.036719 0.022222
0 0.448438 0.458333 0.015625 0.038889
0 0.433984 0.454861 0.019531 0.031944
0 0.483984 0.423611 0.036719 0.038889
0 0.538281 0.460417 0.018750 0.040278
0 0.584375 0.493750 0.025000 0.054167
0 0.498828 0.450694 0.027344 0.031944
