0 0.672656 0.743056 0.095312 0.080556
0 0.744531 0.629861 0.064062 0.087500
0 0.078516 0.244444 0.053906 0.086111
0 0.137500 0.293056 0.087500 0.075000
0 0.142578 0.420139 0.000781 0.001389
0 0.077344 0.381250 0.057813 0.081944
0 0.806641 0.382639 0.085156 0.076389
0 0.720312 0.383333 0.076563 0.083333
0 0.796484 0.293056 0.077344 0.075000
0 0.661328 0.325000 0.027344 0.052778
0 0.149609 0.419444 0.039844 0.063889
0 0.123438 0.401389 0.029687 0.041667
0 0.233594 0.315972 0.054688 0.062500
0 0.188672 0.198611 0.071094 0.058333
0 0.317578 0.309028 0.060156 0.040278
0 0.318750 0.352083 0.056250 0.059722
0 0.418750 0.363194 0.032812 0.043056
0 0.689844 0.205556 0.039063 0.038889
0 0.699219 0.267361 0.037500 0.045833
0 0.346484 0.110417 0.022656 0.045833
0 0.236719 0.143056 0.057813 0.063889
0 0.280078 0.161111 0.039844 0.044444
0 0.291016 0.190278 0.032031 0.025000
0 0.332031 0.188889 0.053125 0.030556
0 0.381641 0.166667 0.039844 0.041667
0 0.388672 0.295833 0.032031 0.058333
0 0.378906 0.261806 0.021875 0.034722
0 0.419531 0.111806 0.051562 0.056944
0 0.416797 0.161806 0.035156 0.048611
0 0.457031 0.150000 0.031250 0.033333
0 0.514453 0.106250 0.041406 0.051389
0 0.500391 0.147222 0.032031 0.041667
0 0.578516 0.117361 0.046094 0.051389
0 0.553125 0.140278 0.020312 0.033333
0 0.541016 0.178472 0.039844 0.034722
0 0.635156 0.134028 0.076563 0.056944
0 0.614453 0.175694 0.039844 0.029167
0 0.593750 0.218750 0.021875 0.051389
0 0.644531 0.207639 0.028125 0.034722
0 0.504687 0.210417 0.032812 0.034722
0 0.497266 0.245139 0.038281 0.043056
0 0.463281 0.234722 0.031250 0.061111
0 0.455469 0.189583 0.023438 0.040278
0 0.433594 0.207639 0.025000 0.040278
0 0.509375 0.447917 0.028125 0.051389
0 0.534766 0.427083 0.035156 0.045833
0 0.466016 0.311806 0.061719 0.054167
0 0.506250 0.286806 0.039063 0.043056
0 0.543750 0.265972 0.043750 0.043056
0 0.575781 0.253472 0.018750 0.051389
0 0.572266 0.317361 0.044531 0.059722
0 0.505469 0.331250 0.023438 0.034722
0 0.616016 0.311806 0.032031 0.037500
0 0.269531 0.228472 0.025000 0.031944
0 0.320313 0.151389 0.040625 0.047222
0 0.331250 0.213889 0.040625 0.047222
0 0.118750 0.416667 0.026563 0.036111
0 0.042969 0.484722 0.051562 0.055556
0 0.503906 0.721528 0.031250 0.056944
0 0.560938 0.483333 0.034375 0.044444
0 0.619141 0.430556 0.046094 0.038889
0 0.694141 0.452778 0.039844 0.038889
0 0.635938 0.340278 0.021875 0.033333
0 0.616016 0.348611 0.014844 0.041667
0 0.627734 0.239583 0.036719 0.026389
0 0.617578 0.258333 0.025781 0.030556
0 0.378125 0.225694 0.028125 0.043056
0 0.539453 0.399306 0.047656 0.045833
0 0.456250 0.482639 0.025000 0.034722
0 0.428906 0.497222 0.031250 0.033333
0 0.407031 0.529167 0.039063 0.036111
0 0.378516 0.443750 0.028906 0.043056
0 0.466016 0.385417 0.044531 0.045833
0 0.279297 0.425000 0.030469 0.061111
0 0.257813 0.456250 0.026563 0.048611
0 0.319141 0.515972 0.042969 0.051389
