1 0.456641 0.738889 0.016406 0.052778
1 0.441797 0.730556 0.021094 0.036111
1 0.447656 0.777083 0.021875 0.048611
1 0.634766 0.497917 0.024219 0.034722
1 0.659375 0.514583 0.018750 0.034722
1 0.679297 0.514583 0.021094 0.051389
1 0.722656 0.427083 0.014062 0.054167
1 0.660937 0.636111 0.028125 0.038889
1 0.639063 0.555556 0.017188 0.027778
1 0.553906 0.381944 0.014062 0.047222
1 0.557813 0.423611 0.017188 0.041667
1 0.557422 0.471528 0.019531 0.051389
1 0.373047 0.515972 0.019531 0.040278
1 0.407813 0.456250 0.012500 0.043056
0 0.137109 0.559028 0.055469 0.081944
0 0.171875 0.576389 0.031250 0.080556
0 0.216016 0.590972 0.041406 0.073611
0 0.220313 0.461806 0.054688 0.037500
0 0.232031 0.502778 0.035937 0.063889
0 0.296094 0.490278 0.031250 0.061111
0 0.335156 0.412500 0.031250 0.041667
0 0.351563 0.449306 0.043750 0.031944
0 0.387891 0.455556 0.022656 0.050000
0 0.353516 0.491667 0.027344 0.041667
0 0.348437 0.527778 0.037500 0.041667
0 0.301172 0.574306 0.038281 0.076389
0 0.368359 0.543750 0.013281 0.034722
0 0.419922 0.491667 0.021094 0.041667
0 0.405078 0.393750 0.033594 0.045833
0 0.425781 0.334722 0.050000 0.069444
0 0.490625 0.316667 0.023438 0.063889
0 0.641797 0.335417 0.041406 0.054167
0 0.692187 0.361111 0.028125 0.044444
0 0.810938 0.345833 0.026563 0.044444
0 0.507422 0.382639 0.030469 0.056944
0 0.512500 0.929167 0.067188 0.075000
0 0.633984 0.957639 0.066406 0.073611
0 0.225781 0.928472 0.046875 0.090278
0 0.160156 0.671528 0.068750 0.112500
0 0.238281 0.640278 0.082813 0.083333
0 0.242969 0.712500 0.040625 0.061111
0 0.275781 0.689583 0.034375 0.051389
0 0.323047 0.723611 0.050781 0.061111
0 0.358203 0.754861 0.028906 0.076389
0 0.355859 0.644444 0.036719 0.044444
0 0.391016 0.658333 0.041406 0.069444
0 0.414063 0.611806 0.040625 0.059722
0 0.402734 0.561806 0.064844 0.062500
0 0.447656 0.511111 0.021875 0.072222
0 0.513672 0.547917 0.033594 0.101389
0 0.480469 0.538889 0.031250 0.072222
0 0.485156 0.481944 0.045313 0.066667
1 0.469531 0.406944 0.029687 0.038889
1 0.157813 0.811111 0.059375 0.097222
1 0.203906 0.806250 0.053125 0.081944
1 0.177734 0.849306 0.000781 0.004167
0 0.246484 0.797222 0.028906 0.063889
0 0.287109 0.775694 0.027344 0.062500
0 0.362500 0.849306 0.037500 0.112500
0 0.408594 0.948611 0.073437 0.102778
0 0.401172 0.872917 0.035156 0.065278
0 0.436719 0.842361 0.029687 0.068056
1 0.413281 0.757639 0.037500 0.040278
0 0.417188 0.800000 0.029687 0.058333
0 0.451953 0.691667 0.036719 0.036111
0 0.471875 0.713194 0.001563 0.001389
0 0.487500 0.656250 0.026563 0.048611
0 0.527344 0.622222 0.043750 0.058333
1 0.778516 0.754861 0.025781 0.065278
1 0.694531 0.568750 0.020312 0.051389
1 0.495313 0.797917 0.026563 0.051389
0 0.586328 0.472917 0.038281 0.048611
0 0.570703 0.520139 0.033594 0.051389
0 0.569922 0.563889 0.036719 0.036111
0 0.609375 0.438194 0.015625 0.031944
0 0.609766 0.643056 0.033594 0.038889
0 0.589844 0.650000 0.032812 0.063889
0 0.571484 0.677083 0.027344 0.070833
0 0.592188 0.759722 0.023438 0.066667
0 0.612109 0.743750 0.033594 0.079167
0 0.715625 0.774306 0.032812 0.131944
0 0.628906 0.827083 0.059375 0.062500
