0 0.100391 0.632639 0.032031 0.068056
0 0.293750 0.431944 0.057813 0.077778
0 0.336328 0.462500 0.024219 0.036111
0 0.254297 0.883333 0.036719 0.063889
0 0.469922 0.880556 0.050781 0.102778
0 0.595703 0.356944 0.041406 0.069444
0 0.474609 0.487500 0.055469 0.063889
0 0.570313 0.497917 0.053125 0.054167
0 0.633203 0.601389 0.046094 0.061111
0 0.556250 0.663194 0.096875 0.068056
0 0.400000 0.608333 0.040625 0.075000
0 0.149219 0.611806 0.035937 0.031944
0 0.416406 0.717361 0.037500 0.065278
0 0.495703 0.684722 0.050781 0.055556
0 0.542188 0.540972 0.037500 0.051389
0 0.613672 0.546528 0.028906 0.051389
0 0.688672 0.456250 0.033594 0.043056
0 0.752734 0.487500 0.030469 0.041667
0 0.983203 0.628472 0.032031 0.059722
