0 0.246094 0.697222 0.090625 0.130556
0 0.233594 0.534722 0.054688 0.080556
0 0.071484 0.602083 0.060156 0.087500
0 0.143750 0.355556 0.062500 0.055556
0 0.078516 0.372222 0.058594 0.066667
0 0.813672 0.602778 0.055469 0.072222
0 0.761328 0.573611 0.042969 0.055556
0 0.553516 0.529167 0.042969 0.050000
0 0.352734 0.424306 0.028906 0.034722
0 0.389844 0.418750 0.048437 0.070833
0 0.479297 0.338889 0.028906 0.047222
0 0.563281 0.272917 0.034375 0.040278
0 0.593750 0.252778 0.020312 0.036111
0 0.478125 0.225694 0.032812 0.065278
0 0.452734 0.225694 0.027344 0.051389
0 0.331250 0.286111 0.040625 0.066667
0 0.641016 0.270833 0.030469 0.038889
0 0.656641 0.293056 0.000781 0.005556
0 0.737500 0.319444 0.029687 0.025000
0 0.708984 0.360417 0.030469 0.045833
0 0.656641 0.398611 0.032031 0.044444
0 0.623047 0.390278 0.021094 0.044444
0 0.641016 0.445833 0.060156 0.050000
0 0.586328 0.438889 0.055469 0.038889
0 0.644531 0.575000 0.071875 0.069444
0 0.504687 0.507639 0.017188 0.040278
0 0.422266 0.352778 0.025781 0.025000
0 0.453906 0.340278 0.018750 0.030556
0 0.385547 0.234028 0.044531 0.043056
0 0.435937 0.263194 0.025000 0.031944
0 0.409375 0.325000 0.028125 0.038889
0 0.383594 0.340972 0.015625 0.034722
0 0.312109 0.343056 0.025781 0.041667
0 0.307031 0.384028 0.020312 0.031944
0 0.513672 0.327083 0.024219 0.043056
0 0.597656 0.270139 0.018750 0.040278
0 0.621875 0.288194 0.015625 0.040278
0 0.577344 0.381250 0.032812 0.031944
0 0.479688 0.429861 0.017188 0.043056
0 0.494922 0.462500 0.025781 0.047222
0 0.473828 0.482639 0.016406 0.040278
