0 0.200781 0.523611 0.050000 0.113889
0 0.319922 0.609028 0.057031 0.156944
0 0.203516 0.660417 0.100781 0.204167
0 0.078906 0.625000 0.142188 0.319444
0 0.699219 0.613889 0.176563 0.213889
0 0.855859 0.609722 0.077344 0.108333
0 0.784766 0.386111 0.055469 0.072222
0 0.523828 0.529861 0.091406 0.184722
0 0.602734 0.600694 0.030469 0.062500
0 0.400781 0.143056 0.032812 0.086111
0 0.454297 0.188889 0.049219 0.072222
0 0.437891 0.280556 0.052344 0.075000
0 0.532031 0.068056 0.051562 0.100000
0 0.566016 0.263194 0.036719 0.095833
0 0.632031 0.208333 0.043750 0.072222
0 0.757031 0.018750 0.059375 0.037500
0 0.648047 0.280556 0.025781 0.061111
0 0.599609 0.267361 0.021094 0.079167
0 0.536328 0.222222 0.036719 0.083333
0 0.493750 0.290972 0.037500 0.065278
0 0.596484 0.172222 0.036719 0.052778
0 0.510156 0.385417 0.034375 0.068056
0 0.461719 0.387500 0.039063 0.058333
0 0.288672 0.028472 0.058594 0.056944
