0 0.457812 0.618750 0.050000 0.084722
0 0.221094 0.845833 0.046875 0.069444
0 0.298438 0.850694 0.096875 0.084722
0 0.059766 0.162500 0.077344 0.080556
0 0.124219 0.275000 0.067188 0.083333
0 0.177344 0.362500 0.045313 0.086111
0 0.051562 0.364583 0.067188 0.059722
0 0.091016 0.412500 0.071094 0.050000
0 0.119922 0.443056 0.042969 0.047222
0 0.042969 0.463889 0.085938 0.088889
0 0.046484 0.615278 0.050781 0.102778
0 0.012109 0.581250 0.024219 0.090278
0 0.071484 0.700000 0.039844 0.097222
0 0.019531 0.754861 0.035937 0.076389
0 0.061719 0.829167 0.037500 0.072222
0 0.132031 0.800000 0.053125 0.058333
0 0.464844 0.296528 0.035937 0.040278
0 0.440234 0.398611 0.072656 0.138889
0 0.410937 0.538194 0.043750 0.087500
0 0.344922 0.478472 0.050781 0.065278
0 0.273438 0.412500 0.053125 0.094444
0 0.274609 0.492361 0.064844 0.054167
0 0.186719 0.477778 0.050000 0.094444
0 0.184375 0.573611 0.040625 0.041667
0 0.171484 0.642361 0.044531 0.065278
0 0.367969 0.725694 0.067188 0.079167
0 0.234766 0.751389 0.111719 0.061111
1 0.225781 0.669444 0.025000 0.036111
1 0.201953 0.690278 0.033594 0.033333
1 0.242578 0.677778 0.000781 0.002778
1 0.231250 0.700694 0.018750 0.048611
1 0.321484 0.309028 0.027344 0.054167
1 0.297266 0.158333 0.033594 0.069444
1 0.032422 0.228472 0.064844 0.062500
0 0.042578 0.971528 0.055469 0.051389
1 0.156250 0.145833 0.031250 0.055556
1 0.188281 0.138194 0.050000 0.045833
1 0.215625 0.109722 0.042188 0.036111
1 0.228906 0.250000 0.034375 0.058333
1 0.297266 0.672222 0.042969 0.052778
1 0.339453 0.272917 0.025781 0.034722
1 0.746875 0.246528 0.037500 0.084722
1 0.853125 0.356250 0.042188 0.051389
1 0.883984 0.431944 0.055469 0.080556
1 0.942578 0.532639 0.042969 0.073611
1 0.979688 0.607639 0.039063 0.073611
1 0.883203 0.553472 0.047656 0.045833
1 0.889453 0.640972 0.030469 0.056944
1 0.852734 0.788889 0.055469 0.088889
1 0.786328 0.400694 0.022656 0.048611
1 0.819141 0.409028 0.025781 0.043056
1 0.831250 0.466667 0.026563 0.047222
1 0.808203 0.455556 0.016406 0.047222
1 0.801953 0.529861 0.035156 0.031944
1 0.814453 0.567361 0.030469 0.037500
1 0.823047 0.606250 0.030469 0.045833
1 0.825391 0.513889 0.024219 0.036111
1 0.765234 0.511806 0.022656 0.045833
1 0.734766 0.538889 0.000781 0.002778
1 0.757813 0.552778 0.018750 0.033333
1 0.756250 0.585417 0.040625 0.031944
1 0.735547 0.602778 0.000781 0.002778
1 0.759375 0.626389 0.042188 0.038889
1 0.723437 0.654167 0.023438 0.072222
