0 0.144531 0.615972 0.067188 0.059722
0 0.417578 0.265972 0.086719 0.070833
0 0.802344 0.381250 0.076563 0.106944
0 0.505469 0.324306 0.104687 0.079167
0 0.605469 0.329167 0.053125 0.058333
0 0.705469 0.411111 0.065625 0.038889
0 0.517578 0.713889 0.058594 0.055556
0 0.486328 0.645139 0.049219 0.048611
0 0.580859 0.698611 0.000781 0.005556
0 0.554297 0.663194 0.046094 0.056944
0 0.572266 0.629861 0.025781 0.062500
0 0.636719 0.631250 0.060938 0.054167
0 0.630078 0.679861 0.027344 0.056944
0 0.426562 0.470833 0.056250 0.038889
0 0.533203 0.506944 0.039844 0.044444
0 0.571875 0.511806 0.028125 0.040278
0 0.542578 0.561111 0.032031 0.041667
0 0.564453 0.561806 0.024219 0.029167
0 0.552734 0.359722 0.032031 0.052778
0 0.580859 0.394444 0.039844 0.041667
0 0.602344 0.438194 0.085938 0.043056
0 0.582031 0.481250 0.026563 0.040278
0 0.612109 0.478472 0.035156 0.043056
0 0.647266 0.482639 0.025781 0.040278
0 0.653125 0.524306 0.043750 0.048611
0 0.779688 0.476389 0.035937 0.052778
0 0.736719 0.493750 0.034375 0.029167
0 0.810938 0.531944 0.118750 0.063889
0 0.754687 0.569444 0.121875 0.113889
0 0.589063 0.596528 0.062500 0.048611
0 0.487891 0.558333 0.025781 0.036111
