1 0.028125 0.670833 0.060938 0.105556
1 0.171484 0.442361 0.063281 0.087500
1 0.254687 0.602083 0.046875 0.118056
1 0.337891 0.728472 0.066406 0.098611
1 0.385547 0.679861 0.036719 0.090278
1 0.533203 0.653472 0.039844 0.054167
1 0.199219 0.151389 0.048437 0.066667
1 0.230859 0.087500 0.038281 0.063889
1 0.237109 0.027083 0.038281 0.048611
1 0.264844 0.145833 0.031250 0.044444
1 0.261719 0.215972 0.039063 0.065278
1 0.304688 0.204167 0.040625 0.058333
1 0.356641 0.222222 0.036719 0.052778
1 0.800781 0.734028 0.057813 0.098611
1 0.826172 0.550000 0.050781 0.100000
1 0.970703 0.615278 0.053906 0.063889
1 0.925391 0.447222 0.038281 0.088889
1 0.944922 0.490972 0.000781 0.001389
1 0.891797 0.500000 0.044531 0.063889
1 0.812891 0.429167 0.044531 0.063889
1 0.768750 0.349306 0.032812 0.043056
1 0.735547 0.322917 0.036719 0.059722
1 0.716406 0.417361 0.053125 0.076389
1 0.694141 0.518750 0.046094 0.070833
1 0.709375 0.660417 0.035937 0.062500
1 0.625391 0.531250 0.053906 0.068056
1 0.588281 0.524306 0.034375 0.054167
1 0.292188 0.464583 0.040625 0.084722
1 0.343359 0.508333 0.046094 0.091667
1 0.432813 0.510417 0.065625 0.070833
1 0.400391 0.565972 0.049219 0.068056
1 0.435156 0.625694 0.056250 0.076389
1 0.487500 0.550694 0.043750 0.076389
1 0.551562 0.381944 0.048437 0.069444
1 0.253906 0.401389 0.059375 0.066667
1 0.556250 0.240972 0.028125 0.040278
1 0.562500 0.284722 0.035937 0.058333
1 0.518750 0.262500 0.028125 0.041667
1 0.528906 0.290278 0.031250 0.044444
1 0.399609 0.379861 0.047656 0.070833
1 0.440625 0.379167 0.034375 0.061111
1 0.340234 0.373611 0.044531 0.058333
1 0.311719 0.361806 0.045313 0.065278
1 0.289063 0.322917 0.035937 0.045833
1 0.267578 0.343750 0.047656 0.048611
1 0.319141 0.277778 0.033594 0.047222
1 0.343359 0.298611 0.032031 0.038889
1 0.364062 0.275000 0.050000 0.050000
1 0.473828 0.270139 0.038281 0.056944
1 0.451172 0.297917 0.030469 0.043056
1 0.413672 0.257639 0.038281 0.048611
1 0.421875 0.209722 0.031250 0.033333
1 0.466016 0.225694 0.039844 0.045833
1 0.439063 0.232639 0.026563 0.051389
1 0.399609 0.228472 0.019531 0.026389
