0 0.023438 0.878472 0.046875 0.070833
0 0.102344 0.939583 0.045313 0.056944
0 0.227344 0.368750 0.031250 0.056944
0 0.276563 0.357639 0.031250 0.045833
0 0.327734 0.303472 0.044531 0.048611
0 0.385547 0.288889 0.027344 0.044444
0 0.399219 0.349306 0.028125 0.051389
0 0.437891 0.338194 0.036719 0.059722
0 0.460938 0.462500 0.028125 0.044444
0 0.458984 0.359028 0.003906 0.001389
0 0.466016 0.380556 0.017969 0.033333
0 0.448438 0.409028 0.034375 0.031944
0 0.508984 0.567361 0.028906 0.031944
0 0.385547 0.156944 0.024219 0.044444
0 0.462500 0.157639 0.031250 0.040278
0 0.449219 0.113194 0.018750 0.054167
0 0.623047 0.161806 0.024219 0.045833
0 0.608984 0.143056 0.016406 0.030556
0 0.787109 0.298611 0.036719 0.052778
0 0.749219 0.345139 0.029687 0.029167
0 0.767969 0.381944 0.095312 0.075000
1 0.721875 0.336111 0.021875 0.044444
1 0.649219 0.470139 0.020312 0.037500
1 0.616406 0.481250 0.026563 0.029167
1 0.567969 0.221528 0.028125 0.029167
1 0.621484 0.228472 0.013281 0.040278
1 0.596484 0.359722 0.021094 0.030556
1 0.505859 0.363889 0.028906 0.058333
1 0.489844 0.254167 0.017188 0.025000
1 0.485938 0.281250 0.025000 0.034722
1 0.448438 0.266667 0.020312 0.025000
1 0.450781 0.277083 0.012500 0.031944
0 0.419922 0.271528 0.010156 0.026389
0 0.522266 0.249306 0.027344 0.070833
0 0.657031 0.246528 0.048437 0.062500
0 0.695703 0.259028 0.021094 0.034722
0 0.576172 0.307639 0.039844 0.073611
0 0.620703 0.288889 0.017969 0.033333
1 0.606641 0.269444 0.017969 0.038889
0 0.942969 0.351389 0.071875 0.080556
