0 0.631250 0.698611 0.075000 0.069444
0 0.573047 0.503472 0.047656 0.073611
0 0.492578 0.572917 0.028906 0.054167
0 0.392969 0.563889 0.045313 0.063889
0 0.423438 0.613194 0.032812 0.073611
0 0.544922 0.648611 0.035156 0.097222
0 0.395312 0.756944 0.084375 0.100000
0 0.321484 0.934028 0.038281 0.059722
0 0.292578 0.832639 0.022656 0.070833
0 0.468359 0.861806 0.050781 0.106944
0 0.567969 0.712500 0.029687 0.052778
0 0.615234 0.575000 0.022656 0.038889
0 0.603906 0.770833 0.040625 0.052778
0 0.880469 0.831944 0.087500 0.152778
0 0.969531 0.690972 0.059375 0.081944
0 0.781250 0.544444 0.043750 0.050000
0 0.990234 0.852778 0.019531 0.069444
0 0.562891 0.840972 0.032031 0.045833
0 0.560938 0.815278 0.104687 0.066667
0 0.470703 0.704167 0.039844 0.047222
0 0.455859 0.724306 0.028906 0.051389
0 0.651172 0.465972 0.057031 0.045833
0 0.701953 0.501389 0.050781 0.044444
0 0.762891 0.484028 0.033594 0.043056
0 0.758594 0.593750 0.028125 0.031944
0 0.750781 0.612500 0.032812 0.038889
0 0.732422 0.645139 0.035156 0.048611
0 0.721094 0.715972 0.029687 0.062500
0 0.761328 0.671528 0.039844 0.051389
0 0.800391 0.694444 0.038281 0.052778
0 0.845703 0.703472 0.047656 0.056944
0 0.808203 0.780556 0.033594 0.061111
0 0.716797 0.879861 0.038281 0.076389
0 0.676953 0.946528 0.050781 0.073611
0 0.619141 0.899306 0.038281 0.079167
0 0.564062 0.934028 0.032812 0.090278
0 0.261719 0.879167 0.040625 0.075000
0 0.275391 0.947917 0.038281 0.065278
1 0.454297 0.592361 0.008594 0.018056
