1 0.112109 0.204167 0.032031 0.047222
1 0.161328 0.201389 0.028906 0.050000
1 0.121875 0.310417 0.035937 0.079167
1 0.187891 0.390278 0.025781 0.075000
1 0.025781 0.623611 0.032812 0.080556
1 0.192969 0.613194 0.048437 0.062500
1 0.149609 0.784722 0.036719 0.050000
1 0.208594 0.779167 0.043750 0.069444
1 0.220313 0.461111 0.032812 0.044444
1 0.221484 0.500000 0.032031 0.033333
1 0.299609 0.643056 0.032031 0.044444
1 0.324609 0.661111 0.044531 0.033333
1 0.336719 0.677083 0.020312 0.040278
1 0.320703 0.770833 0.038281 0.052778
1 0.373047 0.593056 0.021094 0.030556
1 0.384766 0.618056 0.019531 0.066667
1 0.416406 0.513194 0.018750 0.043056
1 0.404297 0.527083 0.021094 0.045833
1 0.667188 0.340972 0.026563 0.068056
1 0.523828 0.599306 0.028906 0.054167
1 0.625391 0.564583 0.022656 0.040278
1 0.655469 0.601389 0.037500 0.038889
1 0.551953 0.842361 0.022656 0.045833
1 0.527734 0.847917 0.030469 0.062500
1 0.477344 0.693056 0.028125 0.066667
1 0.421094 0.722917 0.020312 0.037500
1 0.400781 0.766667 0.028125 0.044444
1 0.423047 0.798611 0.028906 0.055556
1 0.397656 0.878472 0.025000 0.051389
