0 0.427344 0.665972 0.139062 0.062500
0 0.346094 0.668750 0.026563 0.031944
0 0.576953 0.821528 0.057031 0.087500
0 0.019531 0.759722 0.031250 0.047222
0 0.164063 0.975694 0.050000 0.048611
0 0.283594 0.793056 0.020312 0.038889
0 0.176172 0.725694 0.138281 0.081944
0 0.166016 0.803472 0.103906 0.123611
0 0.071484 0.765278 0.060156 0.086111
0 0.071484 0.850000 0.083594 0.133333
0 0.120312 0.886806 0.081250 0.068056
0 0.039844 0.944444 0.079687 0.100000
0 0.157031 0.928472 0.082813 0.059722
0 0.190234 0.883333 0.030469 0.030556
0 0.238672 0.844444 0.053906 0.052778
0 0.508594 0.809722 0.050000 0.075000
0 0.252344 0.901389 0.028125 0.083333
0 0.313281 0.844444 0.085938 0.077778
0 0.319531 0.914583 0.085938 0.093056
0 0.393750 0.711111 0.021875 0.027778
0 0.363672 0.727083 0.024219 0.029167
0 0.301172 0.720833 0.105469 0.088889
0 0.240625 0.793750 0.045313 0.062500
0 0.353516 0.786806 0.107031 0.062500
0 0.411328 0.804167 0.032031 0.041667
0 0.433984 0.833333 0.019531 0.030556
0 0.464844 0.795139 0.023438 0.031944
0 0.403516 0.733333 0.021094 0.041667
0 0.443750 0.727778 0.057813 0.069444
0 0.441016 0.770139 0.022656 0.040278
0 0.476953 0.761111 0.022656 0.044444
0 0.500781 0.768750 0.021875 0.026389
0 0.521875 0.747917 0.035937 0.034722
0 0.489844 0.709028 0.034375 0.034722
0 0.506250 0.688194 0.021875 0.029167
0 0.519922 0.719444 0.028906 0.036111
0 0.562109 0.679167 0.088281 0.055556
0 0.546875 0.713889 0.031250 0.022222
0 0.566797 0.740972 0.057031 0.048611
0 0.603516 0.736111 0.039844 0.047222
0 0.613281 0.781250 0.026563 0.043056
0 0.619922 0.815278 0.024219 0.019444
0 0.639844 0.844444 0.056250 0.041667
0 0.677344 0.921528 0.054688 0.045833
0 0.791797 0.975694 0.113281 0.048611
0 0.762500 0.931250 0.087500 0.109722
0 0.699219 0.880556 0.051562 0.075000
0 0.932422 0.896528 0.133594 0.206944
0 0.814453 0.852083 0.107031 0.254167
0 0.686328 0.764583 0.158594 0.226389
