0 0.457422 0.356944 0.058594 0.080556
0 0.570313 0.366667 0.043750 0.088889
0 0.728516 0.299306 0.057031 0.040278
0 0.286719 0.461806 0.198437 0.123611
0 0.582812 0.253472 0.039063 0.029167
0 0.471484 0.286111 0.063281 0.061111
0 0.531641 0.249306 0.027344 0.037500
0 0.438672 0.245833 0.161719 0.077778
0 0.648828 0.375694 0.114844 0.112500
0 0.735156 0.251389 0.270312 0.083333
0 0.935547 0.277083 0.127344 0.159722
0 0.783203 0.362500 0.185156 0.144444
0 0.864844 0.429167 0.268750 0.141667
0 0.636328 0.751389 0.725781 0.497222
0 0.540234 0.486111 0.305469 0.119444
0 0.231250 0.533333 0.079687 0.061111
0 0.134766 0.726389 0.267969 0.530556
0 0.207813 0.293056 0.415625 0.172222
0 0.183203 0.196528 0.050781 0.054167
0 0.088672 0.418750 0.177344 0.095833
