0 0.281641 0.096528 0.061719 0.131944
0 0.123828 0.145833 0.124219 0.186111
0 0.032031 0.084028 0.064062 0.168056
0 0.026172 0.268056 0.052344 0.169444
0 0.082031 0.395833 0.093750 0.141667
0 0.070703 0.924306 0.141406 0.151389
0 0.055078 0.553472 0.110156 0.156944
0 0.022656 0.422917 0.045313 0.120833
0 0.121875 0.604167 0.082813 0.161111
0 0.153125 0.472917 0.117188 0.112500
0 0.081250 0.729167 0.162500 0.200000
0 0.173047 0.359028 0.100781 0.115278
0 0.189063 0.204861 0.140625 0.134722
0 0.106641 0.297222 0.067969 0.066667
0 0.242578 0.334722 0.078906 0.169444
0 0.303516 0.223611 0.107031 0.169444
0 0.892578 0.509722 0.213281 0.980556
0 0.734375 0.468056 0.109375 0.427778
0 0.691016 0.843750 0.214844 0.259722
0 0.610156 0.927083 0.373437 0.145833
0 0.586719 0.821528 0.075000 0.123611
0 0.555078 0.605556 0.067969 0.175000
0 0.659766 0.650000 0.096094 0.113889
0 0.594141 0.683333 0.055469 0.097222
0 0.627344 0.441667 0.126563 0.094444
0 0.660547 0.336111 0.049219 0.136111
0 0.594922 0.485417 0.127344 0.140278
0 0.676172 0.556944 0.047656 0.097222
0 0.696484 0.054861 0.063281 0.095833
0 0.628906 0.043750 0.082813 0.084722
0 0.522656 0.033333 0.129688 0.066667
0 0.405469 0.064583 0.106250 0.123611
0 0.520703 0.235417 0.289844 0.304167
0 0.350000 0.385417 0.067188 0.243056
0 0.209766 0.541667 0.088281 0.152778
0 0.287891 0.443750 0.067969 0.215278
0 0.502344 0.618750 0.048437 0.145833
0 0.451562 0.517361 0.104687 0.154167
0 0.451172 0.646528 0.052344 0.137500
0 0.373437 0.940972 0.076563 0.118056
0 0.401172 0.679861 0.050781 0.106944
0 0.375000 0.812500 0.100000 0.161111
0 0.365234 0.567361 0.069531 0.145833
0 0.335547 0.720139 0.082031 0.198611
0 0.310156 0.579167 0.039063 0.083333
0 0.279687 0.700000 0.075000 0.200000
0 0.241797 0.626389 0.100781 0.188889
0 0.160547 0.768056 0.092969 0.138889
0 0.192188 0.906250 0.087500 0.187500
0 0.267188 0.965972 0.051562 0.068056
0 0.308984 0.966667 0.041406 0.066667
0 0.244531 0.824306 0.075000 0.204167
0 0.307422 0.876389 0.055469 0.138889
