0 0.809766 0.651389 0.075781 0.066667
0 0.809766 0.747917 0.064844 0.090278
0 0.708594 0.715278 0.050000 0.047222
0 0.726563 0.756944 0.064062 0.038889
0 0.725391 0.806944 0.047656 0.066667
0 0.573438 0.056250 0.098438 0.101389
0 0.767187 0.299306 0.359375 0.229167
0 0.834766 0.427083 0.041406 0.043056
0 0.857031 0.480556 0.031250 0.061111
0 0.781250 0.458333 0.032812 0.075000
0 0.734375 0.472222 0.045313 0.055556
0 0.780859 0.528472 0.096094 0.065278
0 0.962891 0.447917 0.072656 0.073611
0 0.967578 0.711806 0.063281 0.165278
0 0.975391 0.890972 0.047656 0.076389
0 0.966016 0.961806 0.061719 0.076389
0 0.933594 0.791667 0.045313 0.100000
0 0.875781 0.780556 0.054688 0.077778
0 0.888672 0.909028 0.124219 0.170833
0 0.787500 0.884028 0.078125 0.131944
0 0.792969 0.986806 0.037500 0.026389
0 0.663672 0.457639 0.041406 0.065278
0 0.556250 0.519444 0.170312 0.205556
0 0.734375 0.582639 0.053125 0.037500
0 0.657812 0.706250 0.045313 0.065278
0 0.557813 0.684028 0.148438 0.123611
0 0.575391 0.790972 0.182031 0.093056
0 0.688672 0.841667 0.047656 0.044444
0 0.714844 0.888889 0.031250 0.052778
0 0.728906 0.952778 0.056250 0.094444
0 0.671094 0.955556 0.046875 0.088889
0 0.594531 0.969444 0.092188 0.061111
0 0.555859 0.901389 0.146094 0.100000
0 0.656250 0.884028 0.050000 0.048611
0 0.456641 0.359028 0.002344 0.001389
0 0.433594 0.430556 0.059375 0.097222
0 0.368359 0.520139 0.157031 0.112500
0 0.366797 0.606250 0.153906 0.068056
0 0.463281 0.640278 0.034375 0.050000
0 0.457812 0.690278 0.028125 0.047222
0 0.465625 0.734028 0.025000 0.040278
0 0.465625 0.793750 0.031250 0.079167
0 0.353906 0.690972 0.140625 0.101389
0 0.434375 0.752083 0.031250 0.115278
0 0.277734 0.749306 0.032031 0.043056
0 0.285156 0.786111 0.029687 0.044444
0 0.351563 0.798611 0.129688 0.105556
0 0.325781 0.871528 0.060938 0.062500
0 0.418359 0.847917 0.010156 0.004167
0 0.392969 0.874306 0.073437 0.065278
0 0.395312 0.934722 0.065625 0.050000
0 0.338281 0.925694 0.035937 0.056944
0 0.650000 0.568750 0.037500 0.131944
0 0.690625 0.592361 0.042188 0.129167
0 0.719141 0.627083 0.024219 0.054167
