0 0.114844 0.447222 0.053125 0.063889
0 0.311328 0.564583 0.052344 0.059722
0 0.287891 0.627083 0.039844 0.068056
0 0.083984 0.466667 0.103906 0.080556
0 0.193750 0.524306 0.059375 0.054167
0 0.260547 0.352778 0.049219 0.069444
0 0.317578 0.389583 0.050781 0.095833
0 0.260938 0.405556 0.064062 0.091667
0 0.372656 0.489583 0.018750 0.059722
0 0.016406 0.797917 0.032812 0.051389
0 0.059766 0.850694 0.042969 0.062500
0 0.040625 0.906944 0.081250 0.061111
0 0.178906 0.797917 0.051562 0.076389
0 0.300000 0.845139 0.057813 0.062500
0 0.327734 0.533333 0.060156 0.097222
0 0.337109 0.607639 0.058594 0.054167
0 0.328125 0.663889 0.056250 0.047222
0 0.365234 0.762500 0.025781 0.063889
0 0.356641 0.822917 0.027344 0.051389
0 0.458984 0.088194 0.049219 0.090278
0 0.440625 0.021528 0.035937 0.040278
0 0.227344 0.111111 0.046875 0.088889
0 0.626562 0.945833 0.040625 0.108333
0 0.139062 0.870833 0.057813 0.058333
0 0.133984 0.942361 0.060156 0.084722
0 0.249609 0.950000 0.078906 0.094444
0 0.241797 0.890972 0.052344 0.054167
0 0.188672 0.922222 0.046094 0.094444
0 0.273828 0.584028 0.036719 0.115278
0 0.278516 0.690278 0.025781 0.086111
0 0.071094 0.067361 0.064062 0.090278
0 0.121094 0.155556 0.084375 0.097222
0 0.187891 0.185417 0.046094 0.076389
0 0.410547 0.859028 0.025781 0.093056
0 0.451172 0.925000 0.047656 0.133333
0 0.317187 0.077083 0.189063 0.148611
0 0.296484 0.213889 0.103906 0.125000
0 0.421875 0.769444 0.068750 0.130556
0 0.444531 0.427083 0.046875 0.076389
0 0.460938 0.358333 0.062500 0.094444
0 0.557422 0.695833 0.049219 0.069444
0 0.494922 0.672917 0.047656 0.029167
0 0.513281 0.695139 0.034375 0.065278
0 0.508984 0.728472 0.053906 0.037500
0 0.480859 0.746528 0.028906 0.073611
0 0.517187 0.762500 0.028125 0.061111
0 0.543750 0.746528 0.023438 0.076389
0 0.546875 0.808333 0.037500 0.052778
0 0.512109 0.815278 0.035156 0.066667
0 0.484766 0.808333 0.028906 0.063889
0 0.479297 0.874306 0.046094 0.081944
0 0.496875 0.933333 0.050000 0.047222
0 0.535547 0.977083 0.050781 0.045833
0 0.586328 0.898611 0.032031 0.102778
0 0.573047 0.964583 0.035156 0.065278
0 0.564062 0.882639 0.025000 0.079167
0 0.535547 0.853472 0.053906 0.068056
0 0.538672 0.909028 0.042969 0.079167
0 0.452734 0.479861 0.035156 0.045833
0 0.440234 0.511806 0.066406 0.040278
0 0.510938 0.480556 0.031250 0.069444
0 0.487891 0.483333 0.033594 0.086111
0 0.491797 0.546528 0.044531 0.051389
0 0.435937 0.559028 0.048437 0.059722
0 0.328906 0.711111 0.046875 0.041667
0 0.335938 0.751389 0.034375 0.041667
0 0.333984 0.904861 0.057031 0.059722
0 0.349219 0.944444 0.056250 0.080556
0 0.425000 0.172222 0.026563 0.041667
0 0.417578 0.202083 0.032031 0.043056
0 0.437500 0.222917 0.023438 0.109722
0 0.448047 0.277083 0.044531 0.048611
0 0.444531 0.311111 0.040625 0.044444
0 0.481641 0.624306 0.035156 0.076389
0 0.432422 0.615278 0.071094 0.058333
0 0.411719 0.664583 0.043750 0.062500
0 0.244922 0.720139 0.042969 0.118056
0 0.227734 0.684722 0.080469 0.116667
0 0.193750 0.670139 0.078125 0.084722
0 0.022266 0.154167 0.044531 0.141667
0 0.363672 0.175000 0.028906 0.080556
0 0.386719 0.169444 0.034375 0.086111
0 0.403516 0.347917 0.039844 0.098611
0 0.379687 0.302778 0.062500 0.122222
0 0.372266 0.250000 0.071094 0.102778
