0 0.277734 0.208333 0.057031 0.163889
0 0.137500 0.084722 0.085938 0.100000
0 0.187109 0.940972 0.241406 0.118056
0 0.360156 0.955556 0.098438 0.088889
0 0.166016 0.820139 0.094531 0.115278
0 0.236719 0.706250 0.095312 0.109722
0 0.543750 0.890278 0.035937 0.072222
0 0.500781 0.898611 0.035937 0.069444
0 0.633594 0.763889 0.026563 0.052778
0 0.851172 0.974306 0.033594 0.051389
0 0.552344 0.541667 0.106250 0.061111
0 0.353125 0.572222 0.121875 0.069444
0 0.523047 0.731250 0.036719 0.037500
0 0.491406 0.765278 0.028125 0.063889
0 0.452344 0.704167 0.100000 0.063889
0 0.352734 0.631250 0.141406 0.095833
0 0.330469 0.695139 0.042188 0.037500
0 0.391016 0.686111 0.039844 0.025000
0 0.482031 0.563194 0.017188 0.029167
0 0.447266 0.600000 0.049219 0.055556
0 0.475391 0.649306 0.069531 0.045833
0 0.489453 0.601389 0.032031 0.030556
0 0.523047 0.679167 0.027344 0.058333
0 0.519922 0.601389 0.027344 0.038889
0 0.549219 0.631250 0.035937 0.062500
0 0.582031 0.593750 0.067188 0.037500
0 0.576563 0.649306 0.046875 0.054167
0 0.604297 0.686111 0.042969 0.047222
0 0.612891 0.634722 0.049219 0.033333
0 0.653125 0.704167 0.042188 0.080556
0 0.645703 0.605556 0.052344 0.088889
0 0.689062 0.552083 0.073437 0.062500
0 0.698828 0.617361 0.039844 0.070833
0 0.917969 0.851389 0.162500 0.144444
0 0.866406 0.896528 0.051562 0.084722
0 0.812500 0.915278 0.067188 0.066667
0 0.764453 0.884028 0.047656 0.065278
0 0.805078 0.829861 0.063281 0.093056
0 0.751172 0.780556 0.057031 0.077778
0 0.803906 0.663194 0.164063 0.209722
0 0.938281 0.709028 0.121875 0.151389
0 0.703516 0.728472 0.030469 0.043056
0 0.699609 0.675694 0.033594 0.045833
