0 0.827734 0.165278 0.342969 0.330556
0 0.909766 0.868750 0.178906 0.262500
0 0.470313 0.872222 0.670313 0.255556
0 0.067188 0.974306 0.085938 0.051389
0 0.826953 0.262500 0.000781 0.002778
0 0.670313 0.489583 0.307813 0.526389
0 0.882813 0.627778 0.110937 0.208333
0 0.911719 0.422917 0.175000 0.190278
0 0.083203 0.668750 0.166406 0.215278
0 0.260938 0.736806 0.206250 0.126389
0 0.441406 0.714583 0.103125 0.145833
0 0.459766 0.596528 0.089844 0.123611
0 0.325391 0.602083 0.161719 0.190278
0 0.196484 0.551389 0.100781 0.325000
0 0.066016 0.472222 0.132031 0.125000
0 0.088672 0.384028 0.177344 0.145833
0 0.103906 0.203472 0.207813 0.206944
0 0.541797 0.060417 0.167969 0.120833
0 0.501953 0.140278 0.089844 0.175000
0 0.544141 0.197917 0.125781 0.151389
0 0.462891 0.363194 0.096094 0.159722
0 0.452344 0.480556 0.093750 0.075000
0 0.331641 0.453472 0.147656 0.106944
0 0.281250 0.361111 0.106250 0.133333
0 0.238672 0.211111 0.064844 0.216667
0 0.130078 0.046528 0.164844 0.090278
0 0.328906 0.093056 0.212500 0.186111
0 0.419531 0.232639 0.125000 0.104167
0 0.329297 0.251389 0.047656 0.097222
0 0.371094 0.336111 0.079687 0.125000
