0 0.784375 0.218750 0.060938 0.120833
0 0.941797 0.064583 0.114844 0.129167
0 0.925000 0.213889 0.148438 0.147222
0 0.664453 0.052778 0.080469 0.105556
0 0.337891 0.120833 0.064844 0.108333
0 0.420312 0.075694 0.110937 0.129167
0 0.524219 0.029861 0.062500 0.056944
0 0.581641 0.184028 0.122656 0.201389
0 0.693359 0.241667 0.066406 0.127778
0 0.610156 0.776389 0.060938 0.108333
0 0.443750 0.711806 0.135937 0.223611
0 0.400000 0.960417 0.073437 0.079167
0 0.476563 0.405556 0.173438 0.280556
0 0.141016 0.443750 0.282031 0.859722
0 0.249609 0.906250 0.197656 0.187500
0 0.067969 0.935417 0.135937 0.129167
0 0.331250 0.525694 0.109375 0.126389
0 0.955859 0.777083 0.086719 0.159722
0 0.955469 0.497222 0.087500 0.355556
0 0.876562 0.504861 0.078125 0.095833
0 0.841797 0.763889 0.111719 0.152778
0 0.657031 0.328472 0.109375 0.093056
0 0.619922 0.427778 0.110156 0.105556
0 0.608203 0.627778 0.147656 0.136111
0 0.723047 0.761111 0.067969 0.158333
0 0.787500 0.595833 0.200000 0.177778
0 0.718750 0.450000 0.073437 0.122222
0 0.636328 0.515278 0.124219 0.100000
0 0.576172 0.893750 0.088281 0.212500
