0 0.952734 0.869444 0.092969 0.261111
0 0.840234 0.949306 0.141406 0.101389
0 0.390234 0.452083 0.142969 0.118056
0 0.063281 0.535417 0.126563 0.195833
0 0.051172 0.356944 0.107031 0.125000
0 0.042969 0.783333 0.085938 0.238889
0 0.131641 0.699306 0.075781 0.109722
0 0.132813 0.897222 0.148438 0.205556
0 0.268750 0.788889 0.185937 0.216667
0 0.321484 0.920139 0.149219 0.159722
0 0.451953 0.898611 0.107031 0.202778
0 0.542188 0.864583 0.070313 0.137500
0 0.571875 0.958333 0.054688 0.083333
0 0.349609 0.230556 0.063281 0.116667
0 0.279687 0.138194 0.068750 0.231944
0 0.163672 0.077083 0.182031 0.131944
0 0.168750 0.177083 0.126563 0.087500
0 0.193750 0.279167 0.137500 0.130556
0 0.300781 0.302778 0.059375 0.088889
0 0.276172 0.412500 0.075781 0.141667
0 0.184766 0.470833 0.088281 0.247222
0 0.303906 0.593750 0.135937 0.176389
0 0.236719 0.635417 0.075000 0.079167
0 0.853906 0.686806 0.150000 0.184722
0 0.713281 0.966667 0.070313 0.066667
0 0.635547 0.886111 0.088281 0.172222
0 0.679297 0.748611 0.166406 0.152778
0 0.525781 0.507639 0.121875 0.081944
0 0.453125 0.672917 0.126563 0.265278
0 0.539844 0.744444 0.048437 0.091667
0 0.546484 0.611806 0.077344 0.112500
0 0.683594 0.548611 0.176563 0.263889
0 0.605078 0.692361 0.055469 0.115278
0 0.890234 0.457639 0.217969 0.418056
0 0.578125 0.370139 0.175000 0.173611
0 0.519922 0.169444 0.286719 0.286111
0 0.810547 0.150694 0.377344 0.301389
0 0.564844 0.034722 0.112500 0.069444
