0 0.768359 0.073611 0.038281 0.072222
0 0.757422 0.168056 0.055469 0.058333
0 0.824609 0.240278 0.041406 0.086111
0 0.612109 0.197222 0.060156 0.080556
0 0.631641 0.249306 0.041406 0.059722
0 0.489453 0.815972 0.064844 0.087500
0 0.402734 0.811806 0.099219 0.104167
0 0.893750 0.240972 0.081250 0.115278
0 0.980469 0.275000 0.037500 0.169444
0 0.479297 0.038194 0.088281 0.073611
0 0.586719 0.017361 0.029687 0.034722
0 0.596484 0.076389 0.035156 0.069444
0 0.552344 0.089583 0.046875 0.098611
0 0.371484 0.165278 0.032031 0.077778
0 0.385156 0.631250 0.076563 0.270833
0 0.448828 0.252083 0.128906 0.468056
0 0.527734 0.170833 0.025781 0.066667
0 0.532422 0.249306 0.033594 0.048611
0 0.540234 0.332639 0.053906 0.087500
0 0.369141 0.311806 0.038281 0.065278
0 0.355078 0.393750 0.053906 0.120833
0 0.905859 0.600694 0.186719 0.598611
0 0.682031 0.318056 0.142188 0.080556
0 0.772656 0.509028 0.082813 0.390278
0 0.578516 0.471528 0.102344 0.248611
0 0.679688 0.413889 0.103125 0.119444
0 0.680078 0.530556 0.102344 0.130556
0 0.493750 0.607639 0.140625 0.295833
