0 0.037109 0.315972 0.074219 0.115278
0 0.212500 0.377083 0.323438 0.154167
0 0.219531 0.218056 0.439063 0.191667
0 0.490625 0.288194 0.123438 0.104167
0 0.591406 0.200000 0.304688 0.066667
0 0.780469 0.216667 0.073437 0.075000
0 0.905859 0.231944 0.186719 0.147222
0 0.680469 0.301389 0.253125 0.127778
0 0.705469 0.404167 0.101563 0.091667
0 0.797656 0.404861 0.073437 0.112500
0 0.575000 0.364583 0.084375 0.059722
0 0.903906 0.360417 0.190625 0.095833
0 0.442969 0.394444 0.146875 0.080556
0 0.082031 0.585417 0.162500 0.215278
0 0.048047 0.792361 0.096094 0.181944
0 0.214453 0.574306 0.103906 0.212500
0 0.809375 0.713194 0.378125 0.573611
0 0.605859 0.451389 0.114844 0.108333
0 0.552734 0.735417 0.124219 0.476389
0 0.447266 0.512500 0.197656 0.138889
0 0.249609 0.884028 0.499219 0.231944
0 0.272266 0.688194 0.113281 0.201389
0 0.334375 0.586806 0.134375 0.162500
0 0.408594 0.681250 0.175000 0.206944
