0 0.474609 0.756250 0.052344 0.040278
0 0.446094 0.713194 0.028125 0.040278
0 0.473437 0.800000 0.048437 0.033333
0 0.357031 0.679861 0.034375 0.045833
0 0.197266 0.779167 0.050781 0.052778
0 0.139844 0.918750 0.107813 0.162500
0 0.229687 0.850694 0.068750 0.109722
0 0.287500 0.763194 0.040625 0.051389
0 0.289063 0.810417 0.051562 0.040278
0 0.332422 0.797917 0.039844 0.059722
0 0.223047 0.687500 0.067969 0.058333
0 0.178906 0.717361 0.021875 0.043056
0 0.136719 0.800000 0.046875 0.058333
0 0.635547 0.932639 0.249219 0.134722
0 0.671094 0.784028 0.242188 0.170833
0 0.049219 0.850000 0.098438 0.133333
0 0.042188 0.743750 0.084375 0.090278
0 0.115234 0.711806 0.049219 0.048611
0 0.106641 0.752778 0.044531 0.041667
0 0.151562 0.705556 0.026563 0.052778
0 0.032812 0.635417 0.062500 0.040278
0 0.057031 0.656944 0.073437 0.055556
0 0.009375 0.697222 0.018750 0.044444
0 0.638672 0.653472 0.266406 0.109722
0 0.604688 0.565972 0.129688 0.079167
0 0.548437 0.497222 0.060938 0.058333
0 0.269141 0.539583 0.538281 0.145833
0 0.455078 0.609722 0.050781 0.044444
0 0.382422 0.609722 0.077344 0.044444
0 0.315625 0.611806 0.037500 0.040278
0 0.272266 0.650000 0.049219 0.044444
0 0.311328 0.645833 0.022656 0.022222
0 0.245703 0.619444 0.033594 0.027778
0 0.156250 0.631944 0.125000 0.038889
0 0.129297 0.670139 0.053906 0.023611
0 0.712500 0.538889 0.068750 0.050000
