0 0.286719 0.828472 0.048437 0.051389
0 0.437891 0.677083 0.027344 0.048611
0 0.479297 0.673611 0.027344 0.044444
0 0.855859 0.852778 0.030469 0.069444
0 0.922656 0.952778 0.070313 0.094444
0 0.178516 0.943750 0.042969 0.112500
0 0.427734 0.865972 0.061719 0.087500
0 0.412500 0.977083 0.043750 0.045833
0 0.115234 0.497222 0.146094 0.086111
0 0.813672 0.771528 0.066406 0.101389
0 0.205078 0.709028 0.060156 0.068056
0 0.039844 0.759028 0.079687 0.076389
0 0.021484 0.829167 0.042969 0.058333
0 0.030078 0.936806 0.060156 0.126389
0 0.120312 0.788889 0.118750 0.227778
0 0.100781 0.939583 0.075000 0.090278
0 0.409766 0.562500 0.328906 0.161111
0 0.690234 0.647222 0.250781 0.191667
0 0.631641 0.512500 0.088281 0.080556
0 0.223828 0.629167 0.042969 0.086111
0 0.481250 0.834028 0.031250 0.131944
0 0.503125 0.919444 0.071875 0.133333
0 0.581250 0.954167 0.134375 0.091667
0 0.123438 0.578472 0.246875 0.120833
0 0.075000 0.676389 0.150000 0.075000
