0 0.708594 0.589583 0.279687 0.245833
0 0.914453 0.829861 0.167969 0.320833
0 0.277734 0.358333 0.221094 0.147222
0 0.499609 0.056250 0.999219 0.095833
0 0.563281 0.397917 0.162500 0.140278
0 0.436719 0.136806 0.098438 0.048611
0 0.205859 0.104861 0.063281 0.043056
0 0.179297 0.245139 0.358594 0.284722
0 0.884375 0.422222 0.229687 0.458333
0 0.890234 0.170139 0.217969 0.084722
0 0.423047 0.199306 0.078906 0.073611
0 0.570313 0.154167 0.153125 0.111111
0 0.680469 0.131944 0.076563 0.052778
0 0.714063 0.178472 0.128125 0.068056
0 0.619141 0.245833 0.349219 0.075000
0 0.672266 0.340972 0.110156 0.106944
0 0.585547 0.300694 0.074219 0.056944
