0 0.690234 0.818056 0.113281 0.116667
0 0.586328 0.963889 0.207031 0.072222
0 0.591016 0.862500 0.121094 0.150000
0 0.499219 0.917361 0.032812 0.040278
0 0.447266 0.956944 0.074219 0.066667
0 0.367578 0.177778 0.025781 0.050000
0 0.300391 0.184722 0.025781 0.036111
0 0.267188 0.921528 0.056250 0.056944
0 0.023828 0.975694 0.047656 0.048611
0 0.089062 0.986111 0.057813 0.027778
0 0.150391 0.969444 0.036719 0.061111
0 0.179297 0.987500 0.027344 0.025000
0 0.409766 0.870139 0.024219 0.026389
0 0.415234 0.911111 0.039844 0.044444
0 0.382813 0.966667 0.042188 0.066667
0 0.339844 0.918750 0.109375 0.112500
0 0.204688 0.943750 0.057813 0.079167
0 0.118359 0.836111 0.236719 0.227778
0 0.489453 0.872917 0.077344 0.059722
0 0.291797 0.801389 0.111719 0.163889
0 0.446875 0.777778 0.198437 0.161111
0 0.437109 0.859028 0.014844 0.037500
