0 0.255859 0.498611 0.157031 0.144444
0 0.026563 0.663889 0.053125 0.197222
0 0.145703 0.170833 0.291406 0.283333
0 0.087109 0.797222 0.161719 0.222222
0 0.951563 0.620833 0.095312 0.219444
0 0.959766 0.059028 0.078906 0.118056
0 0.694922 0.104861 0.242969 0.184722
0 0.474609 0.188194 0.182031 0.329167
0 0.826172 0.570833 0.146094 0.322222
0 0.631641 0.360417 0.235156 0.129167
0 0.655078 0.486806 0.164844 0.201389
0 0.564062 0.606944 0.139062 0.138889
0 0.648438 0.697222 0.051562 0.116667
0 0.542578 0.834722 0.158594 0.330556
0 0.667578 0.952778 0.111719 0.094444
0 0.869531 0.883333 0.245312 0.233333
0 0.254687 0.845833 0.215625 0.308333
