0 0.838281 0.885417 0.321875 0.229167
0 0.041016 0.644444 0.082031 0.125000
0 0.032422 0.800694 0.064844 0.126389
0 0.205078 0.593056 0.171094 0.172222
0 0.163281 0.769444 0.092188 0.133333
0 0.419922 0.115278 0.077344 0.186111
0 0.376953 0.170833 0.091406 0.122222
0 0.525000 0.145139 0.137500 0.204167
0 0.841016 0.114583 0.316406 0.212500
0 0.657031 0.162500 0.100000 0.158333
0 0.973047 0.306250 0.052344 0.181944
0 0.912891 0.335417 0.085156 0.229167
0 0.911328 0.494444 0.175781 0.127778
0 0.874609 0.644444 0.249219 0.236111
0 0.830469 0.379167 0.101563 0.119444
0 0.466406 0.304167 0.159375 0.144444
0 0.346484 0.314583 0.105469 0.131944
0 0.360547 0.446528 0.110156 0.129167
0 0.521484 0.425000 0.138281 0.119444
0 0.369141 0.634028 0.067969 0.240278
0 0.434375 0.518056 0.075000 0.175000
0 0.478906 0.679167 0.157813 0.183333
0 0.562891 0.538194 0.183594 0.126389
0 0.684375 0.314583 0.248437 0.201389
0 0.706250 0.543056 0.117188 0.247222
0 0.634766 0.684722 0.146094 0.161111
0 0.236719 0.269444 0.168750 0.202778
0 0.322266 0.024306 0.002344 0.001389
0 0.216797 0.079861 0.194531 0.156944
0 0.097656 0.145139 0.195313 0.245833
0 0.073047 0.361111 0.146094 0.155556
0 0.167187 0.455556 0.076563 0.152778
0 0.216797 0.474306 0.033594 0.081944
0 0.063281 0.503472 0.126563 0.143056
