0 0.050781 0.083333 0.101563 0.119444
0 0.312109 0.640278 0.199219 0.158333
0 0.086328 0.425000 0.172656 0.522222
0 0.218750 0.395139 0.089062 0.259722
0 0.200000 0.847917 0.400000 0.304167
0 0.461719 0.922917 0.123438 0.154167
0 0.699609 0.876389 0.430469 0.247222
0 0.385156 0.566667 0.098438 0.091667
0 0.173828 0.032639 0.083594 0.065278
0 0.500391 0.127778 0.577344 0.255556
0 0.303516 0.320833 0.097656 0.152778
0 0.323828 0.463194 0.136719 0.206944
0 0.619922 0.442361 0.524219 0.384722
0 0.685547 0.705556 0.357031 0.141667
