0 0.688672 0.655556 0.057031 0.063889
0 0.517969 0.420833 0.037500 0.088889
0 0.457422 0.502083 0.028906 0.056944
0 0.479688 0.102778 0.042188 0.080556
0 0.510547 0.176389 0.046094 0.063889
0 0.413281 0.202778 0.035937 0.047222
0 0.401953 0.257639 0.022656 0.048611
0 0.673437 0.162500 0.040625 0.055556
0 0.722266 0.196528 0.025781 0.068056
0 0.686719 0.213889 0.032812 0.055556
0 0.342578 0.574306 0.033594 0.043056
0 0.292578 0.588194 0.036719 0.081944
0 0.478906 0.767361 0.265625 0.229167
0 0.633594 0.764583 0.043750 0.073611
0 0.900000 0.542361 0.198437 0.215278
0 0.851172 0.368056 0.061719 0.080556
0 0.592578 0.365278 0.035156 0.038889
0 0.583594 0.445139 0.048437 0.101389
0 0.624219 0.052778 0.120312 0.102778
0 0.734766 0.077083 0.082031 0.131944
0 0.319531 0.137500 0.021875 0.091667
0 0.358203 0.168056 0.052344 0.141667
0 0.494141 0.306250 0.025781 0.068056
0 0.766406 0.454167 0.042188 0.075000
0 0.735156 0.279167 0.059375 0.050000
0 0.803125 0.320139 0.128125 0.043056
0 0.678125 0.334028 0.117188 0.040278
0 0.731250 0.403472 0.051562 0.101389
0 0.652734 0.480556 0.105469 0.236111
0 0.587109 0.245139 0.139844 0.143056
0 0.441797 0.544444 0.050781 0.041667
0 0.422266 0.491667 0.017969 0.041667
0 0.335547 0.361111 0.050781 0.094444
0 0.389844 0.493056 0.035937 0.036111
0 0.366406 0.527083 0.040625 0.043056
0 0.414063 0.286111 0.015625 0.038889
0 0.382813 0.295833 0.045313 0.036111
0 0.403906 0.322917 0.046875 0.037500
0 0.451172 0.256250 0.038281 0.065278
0 0.446484 0.410417 0.072656 0.090278
0 0.470313 0.333333 0.046875 0.091667
0 0.201172 0.138889 0.035156 0.044444
0 0.275781 0.168056 0.067188 0.094444
0 0.882031 0.150694 0.234375 0.298611
0 0.263281 0.062500 0.062500 0.119444
0 0.177344 0.049306 0.093750 0.098611
0 0.206250 0.220139 0.040625 0.112500
0 0.344531 0.457639 0.073437 0.084722
0 0.289844 0.492361 0.078125 0.098611
0 0.257813 0.347222 0.090625 0.183333
0 0.189063 0.408333 0.070313 0.075000
0 0.182422 0.486806 0.060156 0.087500
0 0.118359 0.692361 0.244531 0.279167
0 0.273828 0.713194 0.063281 0.154167
0 0.101953 0.449306 0.124219 0.159722
0 0.142188 0.550694 0.043750 0.043056
0 0.082813 0.529861 0.075000 0.001389
0 0.031250 0.488194 0.062500 0.126389
0 0.009766 0.397917 0.019531 0.059722
0 0.165625 0.278472 0.062500 0.070833
0 0.123047 0.357639 0.035156 0.031944
0 0.064844 0.282639 0.129688 0.173611
0 0.150781 0.227083 0.045313 0.081944
0 0.082031 0.149306 0.164063 0.087500
0 0.063672 0.053472 0.127344 0.093056
