0 0.103516 0.167361 0.207031 0.334722
0 0.148047 0.418056 0.197656 0.155556
0 0.105078 0.552778 0.061719 0.175000
0 0.035156 0.525694 0.070313 0.231944
0 0.050391 0.913889 0.100781 0.172222
0 0.271484 0.297222 0.130469 0.152778
0 0.263672 0.533333 0.136719 0.308333
0 0.173438 0.633333 0.081250 0.136111
0 0.367969 0.079861 0.078125 0.154167
0 0.794531 0.040972 0.096875 0.079167
0 0.710156 0.030556 0.075000 0.077778
0 0.648438 0.038889 0.054688 0.066667
0 0.608984 0.055556 0.071094 0.111111
0 0.500391 0.030556 0.083594 0.066667
0 0.530078 0.084722 0.100781 0.119444
0 0.429297 0.054861 0.055469 0.095833
0 0.464063 0.120139 0.056250 0.084722
0 0.423828 0.202083 0.049219 0.198611
0 0.373437 0.195139 0.075000 0.098611
0 0.666406 0.096528 0.071875 0.084722
0 0.748047 0.107639 0.092969 0.095833
0 0.684375 0.152778 0.071875 0.111111
0 0.746094 0.184722 0.081250 0.080556
0 0.625391 0.195833 0.075781 0.138889
0 0.562500 0.158333 0.089062 0.075000
0 0.521484 0.197917 0.057031 0.101389
0 0.477344 0.230556 0.053125 0.166667
0 0.704297 0.279861 0.141406 0.134722
0 0.578906 0.268056 0.053125 0.119444
0 0.620703 0.291667 0.033594 0.072222
0 0.679297 0.427083 0.085156 0.181944
0 0.387891 0.300000 0.057031 0.125000
0 0.349609 0.312500 0.032031 0.127778
0 0.412500 0.394444 0.103125 0.086111
0 0.457812 0.361111 0.070313 0.133333
0 0.517969 0.315972 0.065625 0.137500
0 0.608594 0.380556 0.064062 0.125000
0 0.569922 0.390278 0.049219 0.119444
0 0.628125 0.487500 0.117188 0.077778
0 0.648828 0.584722 0.105469 0.097222
0 0.526563 0.436111 0.071875 0.100000
0 0.563672 0.518750 0.083594 0.081944
0 0.461719 0.446528 0.076563 0.062500
0 0.357422 0.456250 0.053906 0.140278
0 0.392188 0.540278 0.064062 0.191667
0 0.478906 0.518750 0.104687 0.112500
0 0.523047 0.580556 0.066406 0.086111
0 0.563281 0.629861 0.060938 0.104167
0 0.465234 0.654861 0.058594 0.168056
0 0.348828 0.579167 0.035156 0.108333
0 0.141406 0.795833 0.085938 0.083333
0 0.169531 0.920833 0.131250 0.150000
0 0.303906 0.725000 0.101563 0.091667
0 0.219922 0.777778 0.144531 0.183333
0 0.408594 0.660417 0.075000 0.098611
0 0.385547 0.748611 0.085156 0.125000
0 0.481250 0.786806 0.112500 0.131944
0 0.497266 0.643056 0.000781 0.008333
0 0.526172 0.658333 0.085156 0.086111
0 0.535547 0.732639 0.082031 0.120833
0 0.466406 0.868750 0.096875 0.143056
0 0.399609 0.845833 0.047656 0.091667
0 0.422266 0.922222 0.089844 0.069444
0 0.467187 0.963889 0.084375 0.072222
0 0.332422 0.820833 0.069531 0.119444
0 0.310156 0.929167 0.157813 0.141667
0 0.390234 0.949306 0.075781 0.101389
