0 0.141406 0.140972 0.282813 0.281944
0 0.175391 0.833333 0.244531 0.333333
0 0.651172 0.818750 0.217969 0.273611
0 0.923437 0.960417 0.145313 0.079167
0 0.962109 0.647222 0.074219 0.191667
0 0.869531 0.751389 0.142188 0.213889
0 0.778125 0.602083 0.192188 0.190278
0 0.597266 0.130556 0.286719 0.244444
0 0.429688 0.251389 0.125000 0.144444
0 0.362891 0.632639 0.086719 0.443056
0 0.469922 0.545139 0.128906 0.445833
0 0.567187 0.520139 0.068750 0.115278
0 0.619531 0.331944 0.146875 0.177778
0 0.984766 0.415972 0.028906 0.126389
0 0.908594 0.076389 0.181250 0.152778
0 0.794141 0.289583 0.174219 0.345833
0 0.926172 0.322222 0.078906 0.138889
