0 0.600391 0.762500 0.082031 0.225000
0 0.708984 0.529861 0.057031 0.137500
0 0.861719 0.495833 0.098438 0.111111
0 0.866797 0.305556 0.182031 0.216667
0 0.417578 0.129861 0.116406 0.120833
0 0.167578 0.076389 0.335156 0.141667
0 0.048047 0.210417 0.096094 0.145833
0 0.286328 0.427083 0.132031 0.134722
0 0.925781 0.905556 0.146875 0.127778
0 0.949219 0.753472 0.100000 0.081944
0 0.887500 0.711806 0.125000 0.168056
0 0.755859 0.662500 0.144531 0.127778
0 0.788672 0.803472 0.158594 0.140278
0 0.489453 0.990278 0.032031 0.019444
0 0.121094 0.697917 0.242188 0.301389
0 0.092578 0.928472 0.144531 0.143056
0 0.204688 0.838889 0.081250 0.141667
0 0.317969 0.600000 0.107813 0.094444
0 0.291797 0.743056 0.086719 0.172222
0 0.329688 0.811111 0.048437 0.161111
0 0.298047 0.948611 0.219531 0.102778
0 0.404297 0.687500 0.069531 0.097222
0 0.442578 0.823611 0.174219 0.116667
0 0.532812 0.653472 0.057813 0.143056
0 0.353906 0.464583 0.068750 0.151389
0 0.480859 0.600000 0.072656 0.150000
0 0.413672 0.561806 0.069531 0.065278
0 0.596484 0.536806 0.163281 0.068056
0 0.511719 0.360417 0.085938 0.168056
0 0.530859 0.459028 0.102344 0.084722
0 0.772656 0.059028 0.228125 0.118056
0 0.698828 0.147917 0.161719 0.101389
0 0.708984 0.225694 0.225781 0.104167
0 0.652734 0.347222 0.171094 0.175000
0 0.636719 0.466667 0.104687 0.047222
