0 0.471094 0.694444 0.053125 0.044444
0 0.477734 0.734028 0.050781 0.029167
0 0.344922 0.622222 0.032031 0.055556
0 0.096875 0.731250 0.045313 0.059722
0 0.029297 0.767361 0.058594 0.104167
0 0.017578 0.928472 0.035156 0.093056
0 0.163281 0.709722 0.067188 0.066667
0 0.446875 0.658333 0.018750 0.027778
0 0.016797 0.662500 0.033594 0.047222
0 0.187109 0.647222 0.096094 0.069444
0 0.076172 0.659722 0.047656 0.050000
0 0.055859 0.693056 0.111719 0.058333
0 0.119141 0.645139 0.025781 0.048611
0 0.254297 0.602083 0.055469 0.048611
0 0.726172 0.937500 0.436719 0.125000
0 0.643750 0.825694 0.246875 0.120833
0 0.683203 0.669444 0.271094 0.166667
0 0.544922 0.593056 0.110156 0.066667
0 0.598047 0.544444 0.121094 0.066667
0 0.381250 0.528472 0.390625 0.134722
0 0.095703 0.554167 0.191406 0.161111
0 0.287500 0.726389 0.106250 0.088889
0 0.183984 0.771528 0.099219 0.068056
0 0.101563 0.858333 0.120312 0.130556
