1 0.092188 0.895833 0.050000 0.061111
1 0.148047 0.795833 0.047656 0.050000
1 0.160156 0.847222 0.039063 0.061111
1 0.205859 0.876389 0.041406 0.050000
1 0.222266 0.899306 0.030469 0.079167
1 0.188281 0.972917 0.057813 0.043056
1 0.314453 0.797917 0.027344 0.065278
1 0.356641 0.770833 0.041406 0.058333
1 0.375781 0.838889 0.037500 0.077778
1 0.403125 0.902083 0.042188 0.048611
1 0.420703 0.846528 0.019531 0.079167
1 0.436328 0.773611 0.036719 0.050000
1 0.453906 0.870833 0.032812 0.077778
1 0.512891 0.959028 0.055469 0.076389
1 0.496484 0.820139 0.028906 0.068056
1 0.666016 0.971528 0.061719 0.051389
1 0.745313 0.834722 0.046875 0.063889
1 0.783594 0.882639 0.031250 0.065278
1 0.851172 0.740278 0.050781 0.047222
1 0.530078 0.686806 0.024219 0.065278
1 0.468750 0.627778 0.037500 0.047222
1 0.028125 0.709028 0.026563 0.051389
1 0.053516 0.597917 0.022656 0.051389
1 0.085938 0.600694 0.021875 0.034722
1 0.123438 0.595833 0.032812 0.050000
1 0.178125 0.694444 0.028125 0.058333
1 0.225000 0.685417 0.032812 0.062500
1 0.258594 0.675000 0.026563 0.041667
1 0.246094 0.724306 0.037500 0.034722
1 0.328125 0.450694 0.029687 0.037500
1 0.355078 0.526389 0.028906 0.047222
1 0.255859 0.568750 0.028906 0.048611
1 0.435547 0.640972 0.022656 0.026389
1 0.361719 0.687500 0.031250 0.063889
1 0.332422 0.663889 0.024219 0.033333
1 0.368359 0.612500 0.033594 0.050000
1 0.339453 0.579861 0.025781 0.062500
1 0.295312 0.582639 0.020312 0.034722
1 0.225781 0.593750 0.034375 0.043056
1 0.247656 0.606944 0.020312 0.025000
1 0.548828 0.804167 0.042969 0.080556
1 0.618750 0.817361 0.026563 0.084722
1 0.606250 0.844444 0.035937 0.066667
1 0.674609 0.795139 0.036719 0.059722
1 0.658594 0.739583 0.026563 0.037500
1 0.612109 0.743750 0.030469 0.056944
1 0.843750 0.570833 0.035937 0.061111
1 0.570313 0.583333 0.001563 0.002778
1 0.551953 0.535417 0.000781 0.001389
1 0.564453 0.560417 0.022656 0.048611
1 0.558594 0.618750 0.043750 0.043056
1 0.550781 0.647917 0.018750 0.043056
1 0.583984 0.663889 0.000781 0.011111
1 0.573438 0.680556 0.018750 0.044444
1 0.581641 0.714583 0.028906 0.048611
1 0.627734 0.557639 0.032031 0.037500
1 0.652344 0.587500 0.035937 0.036111
1 0.645312 0.635417 0.035937 0.040278
1 0.912109 0.666667 0.039844 0.066667
1 0.953516 0.666667 0.044531 0.066667
1 0.985156 0.569444 0.028125 0.055556
1 0.938672 0.607639 0.061719 0.059722
1 0.944141 0.578472 0.035156 0.045833
1 0.922266 0.512500 0.033594 0.038889
1 0.864453 0.539583 0.000781 0.001389
1 0.890625 0.520833 0.034375 0.041667
1 0.908203 0.540972 0.000781 0.001389
1 0.901563 0.551389 0.026563 0.036111
1 0.748047 0.481250 0.000781 0.004167
1 0.760938 0.499306 0.025000 0.031944
1 0.678125 0.486806 0.026563 0.034722
1 0.613281 0.443056 0.017188 0.036111
1 0.036719 0.550694 0.073437 0.048611
1 0.052734 0.522222 0.017969 0.027778
1 0.006250 0.528472 0.012500 0.040278
1 0.023828 0.499306 0.021094 0.031944
1 0.101953 0.522222 0.030469 0.036111
1 0.593750 0.400000 0.029687 0.036111
1 0.014062 0.477778 0.028125 0.030556
1 0.018359 0.439583 0.036719 0.045833
1 0.053516 0.420139 0.022656 0.034722
1 0.044141 0.450000 0.021094 0.027778
1 0.067969 0.455556 0.048437 0.041667
1 0.065625 0.476389 0.025000 0.027778
1 0.109375 0.489583 0.025000 0.029167
1 0.128906 0.437500 0.029687 0.038889
1 0.085938 0.418750 0.031250 0.045833
1 0.108203 0.391667 0.019531 0.027778
1 0.011719 0.398611 0.023438 0.044444
1 0.005469 0.359028 0.010937 0.043056
1 0.005469 0.321528 0.010937 0.023611
1 0.028906 0.326389 0.035937 0.036111
1 0.034766 0.356944 0.017969 0.033333
1 0.036719 0.385417 0.017188 0.023611
1 0.050391 0.372222 0.019531 0.033333
1 0.052344 0.350694 0.014062 0.020833
1 0.067188 0.350000 0.018750 0.036111
1 0.080469 0.339583 0.014062 0.031944
1 0.129688 0.347917 0.015625 0.026389
1 0.156250 0.402778 0.015625 0.027778
1 0.157813 0.433333 0.018750 0.027778
1 0.162500 0.492361 0.015625 0.029167
1 0.176563 0.521528 0.056250 0.045833
1 0.204688 0.540278 0.028125 0.030556
1 0.190234 0.563889 0.016406 0.030556
1 0.218750 0.487500 0.025000 0.030556
1 0.282422 0.466667 0.016406 0.019444
1 0.194141 0.388889 0.025781 0.027778
1 0.202734 0.401389 0.030469 0.025000
1 0.207031 0.419444 0.032812 0.025000
1 0.225781 0.418056 0.023438 0.025000
1 0.217969 0.443056 0.029687 0.038889
1 0.231641 0.459028 0.016406 0.045833
1 0.249219 0.435417 0.026563 0.029167
1 0.126953 0.476389 0.016406 0.027778
1 0.262891 0.388889 0.035156 0.030556
1 0.280078 0.400000 0.024219 0.036111
1 0.295312 0.384722 0.023438 0.036111
1 0.298438 0.413194 0.015625 0.043056
1 0.312500 0.390278 0.020312 0.025000
1 0.323828 0.377083 0.016406 0.031944
1 0.402344 0.377778 0.012500 0.041667
1 0.361328 0.345139 0.017969 0.029167
1 0.373047 0.366667 0.024219 0.036111
1 0.267188 0.345139 0.017188 0.029167
1 0.294531 0.321528 0.017188 0.031944
1 0.322656 0.342361 0.014062 0.023611
1 0.311328 0.350000 0.014844 0.022222
1 0.091406 0.308333 0.023438 0.025000
1 0.069141 0.318750 0.024219 0.023611
1 0.050391 0.307639 0.011719 0.023611
1 0.036328 0.293750 0.072656 0.037500
1 0.084375 0.277083 0.051562 0.037500
1 0.121875 0.290278 0.020312 0.030556
1 0.117969 0.269444 0.014062 0.022222
1 0.102734 0.343750 0.011719 0.026389
1 0.154297 0.253472 0.047656 0.048611
1 0.176172 0.281944 0.022656 0.033333
1 0.155078 0.286111 0.011719 0.033333
1 0.142188 0.300694 0.015625 0.023611
1 0.127734 0.315278 0.017969 0.022222
1 0.147656 0.331250 0.031250 0.031944
1 0.212500 0.312500 0.028125 0.036111
1 0.194531 0.327778 0.018750 0.019444
1 0.191797 0.352778 0.016406 0.022222
1 0.244141 0.304167 0.027344 0.033333
1 0.267578 0.322917 0.013281 0.023611
1 0.250391 0.327778 0.014844 0.022222
1 0.991016 0.420139 0.016406 0.043056
1 0.981250 0.352778 0.035937 0.058333
1 0.987109 0.304167 0.024219 0.047222
1 0.746484 0.436806 0.035156 0.026389
1 0.761328 0.423611 0.028906 0.038889
1 0.778906 0.443056 0.018750 0.025000
1 0.791797 0.411806 0.027344 0.037500
1 0.829687 0.406250 0.026563 0.034722
1 0.851172 0.393750 0.022656 0.031944
1 0.821875 0.375694 0.026563 0.029167
1 0.791797 0.359722 0.035156 0.027778
1 0.779297 0.385417 0.021094 0.034722
1 0.667578 0.384028 0.021094 0.029167
1 0.687891 0.363889 0.019531 0.025000
1 0.709766 0.361111 0.021094 0.027778
1 0.735547 0.376389 0.021094 0.038889
1 0.759766 0.343056 0.035156 0.047222
1 0.900391 0.406944 0.022656 0.033333
1 0.942578 0.381944 0.055469 0.036111
1 0.947656 0.350000 0.023438 0.033333
1 0.914844 0.337500 0.017188 0.036111
1 0.883203 0.372222 0.053906 0.036111
1 0.793359 0.332639 0.030469 0.040278
1 0.841797 0.338194 0.032031 0.043056
1 0.318359 0.303472 0.017969 0.029167
1 0.210156 0.265972 0.029687 0.070833
1 0.235156 0.260417 0.023438 0.040278
1 0.259375 0.261806 0.017188 0.043056
1 0.276953 0.281944 0.024219 0.030556
1 0.296094 0.290972 0.010937 0.029167
1 0.305078 0.281250 0.010156 0.026389
1 0.306641 0.259722 0.021094 0.025000
1 0.239453 0.218750 0.024219 0.029167
1 0.287109 0.213194 0.017969 0.026389
1 0.317187 0.227778 0.015625 0.036111
1 0.300391 0.204167 0.013281 0.022222
1 0.332812 0.205556 0.015625 0.022222
1 0.328516 0.255556 0.024219 0.027778
1 0.328516 0.281944 0.022656 0.030556
1 0.346094 0.285417 0.018750 0.026389
1 0.352344 0.255556 0.023438 0.036111
1 0.367188 0.285417 0.023438 0.031944
1 0.375000 0.315278 0.009375 0.022222
1 0.394531 0.316667 0.015625 0.030556
1 0.420312 0.331250 0.023438 0.026389
1 0.416016 0.354167 0.016406 0.019444
1 0.446094 0.357639 0.012500 0.037500
1 0.455469 0.338889 0.012500 0.027778
1 0.473047 0.343056 0.014844 0.022222
1 0.491016 0.345139 0.024219 0.034722
1 0.402344 0.227083 0.021875 0.037500
1 0.396484 0.257639 0.021094 0.037500
1 0.943359 0.287500 0.071094 0.058333
1 0.886719 0.318750 0.048437 0.045833
1 0.860156 0.295139 0.048437 0.043056
1 0.885547 0.254861 0.032031 0.034722
1 0.866797 0.215278 0.024219 0.044444
1 0.405078 0.295139 0.013281 0.026389
1 0.467969 0.320833 0.015625 0.033333
1 0.442969 0.313194 0.028125 0.037500
1 0.659375 0.259722 0.034375 0.061111
1 0.682813 0.193056 0.025000 0.036111
1 0.804297 0.175694 0.025781 0.023611
1 0.826172 0.181944 0.011719 0.030556
1 0.869141 0.146528 0.021094 0.034722
1 0.878516 0.188889 0.014844 0.030556
1 0.897266 0.173611 0.024219 0.044444
1 0.929688 0.165972 0.025000 0.056944
1 0.788281 0.254861 0.031250 0.043056
1 0.780469 0.197917 0.015625 0.034722
1 0.812109 0.325000 0.021094 0.038889
1 0.736719 0.206250 0.026563 0.026389
1 0.574609 0.202778 0.049219 0.044444
1 0.420312 0.259722 0.018750 0.036111
1 0.433984 0.285417 0.038281 0.048611
1 0.610156 0.316667 0.020312 0.030556
1 0.638281 0.336806 0.028125 0.034722
1 0.667578 0.340972 0.032031 0.029167
1 0.729297 0.320833 0.024219 0.025000
1 0.761328 0.286806 0.082031 0.048611
1 0.680859 0.306944 0.063281 0.047222
1 0.710156 0.231250 0.028125 0.043056
1 0.690625 0.263194 0.018750 0.034722
1 0.621094 0.171528 0.018750 0.029167
1 0.652734 0.155556 0.017969 0.022222
1 0.761328 0.164583 0.011719 0.029167
1 0.191406 0.494444 0.026563 0.025000
1 0.604688 0.225000 0.023438 0.027778
1 0.596484 0.261111 0.003906 0.002778
1 0.605078 0.263889 0.000781 0.011111
1 0.594922 0.250694 0.022656 0.029167
1 0.625391 0.253472 0.013281 0.023611
1 0.604688 0.293056 0.014062 0.019444
1 0.594531 0.354167 0.021875 0.033333
1 0.571484 0.362500 0.041406 0.041667
1 0.569922 0.329861 0.019531 0.023611
1 0.556641 0.328472 0.014844 0.026389
1 0.524219 0.226389 0.032812 0.030556
1 0.456641 0.248611 0.027344 0.036111
1 0.491406 0.211806 0.018750 0.034722
1 0.590234 0.278472 0.019531 0.026389
1 0.539844 0.354167 0.021875 0.025000
1 0.525781 0.331944 0.035937 0.027778
1 0.525781 0.254167 0.050000 0.036111
1 0.570703 0.236806 0.017969 0.034722
1 0.482812 0.279861 0.051562 0.037500
1 0.555859 0.293750 0.039844 0.051389
1 0.523047 0.291667 0.035156 0.058333
1 0.491016 0.320833 0.035156 0.036111
