0 0.201953 0.055556 0.071094 0.100000
0 0.243750 0.357639 0.079687 0.106944
0 0.297656 0.428472 0.053125 0.087500
0 0.032812 0.500000 0.050000 0.080556
0 0.050781 0.595139 0.075000 0.062500
0 0.055078 0.712500 0.110156 0.166667
0 0.011719 0.841667 0.023438 0.058333
0 0.212500 0.765972 0.034375 0.043056
0 0.210547 0.711806 0.039844 0.051389
0 0.214844 0.643750 0.045313 0.056944
0 0.422656 0.363889 0.039063 0.069444
0 0.529688 0.412500 0.031250 0.063889
0 0.593359 0.405556 0.033594 0.069444
0 0.562500 0.436111 0.034375 0.077778
0 0.393750 0.400694 0.026563 0.051389
0 0.369922 0.591667 0.066406 0.052778
0 0.351563 0.641667 0.032812 0.041667
0 0.391016 0.651389 0.032031 0.050000
0 0.315234 0.697222 0.052344 0.061111
0 0.161719 0.529167 0.165625 0.161111
0 0.455078 0.435417 0.091406 0.062500
0 0.448438 0.599306 0.054688 0.095833
0 0.432031 0.795833 0.051562 0.094444
0 0.411719 0.859028 0.045313 0.048611
0 0.400781 0.909722 0.040625 0.047222
0 0.460547 0.943056 0.063281 0.097222
0 0.478125 0.868056 0.020312 0.038889
0 0.198047 0.420833 0.050781 0.047222
0 0.041797 0.244444 0.083594 0.208333
0 0.018750 0.384028 0.037500 0.065278
0 0.174219 0.267361 0.179688 0.184722
0 0.104297 0.390278 0.121094 0.072222
0 0.509375 0.784722 0.035937 0.097222
0 0.506641 0.948611 0.030469 0.102778
0 0.363281 0.762500 0.081250 0.144444
0 0.501172 0.518056 0.125781 0.094444
0 0.512891 0.643056 0.099219 0.158333
0 0.598437 0.602778 0.075000 0.152778
0 0.528516 0.218056 0.133594 0.177778
0 0.458203 0.129167 0.147656 0.166667
0 0.369141 0.057639 0.196094 0.115278
0 0.927734 0.975000 0.074219 0.050000
0 0.614453 0.328472 0.047656 0.093056
0 0.843359 0.957639 0.124219 0.084722
0 0.708984 0.956944 0.138281 0.086111
0 0.660547 0.585417 0.053906 0.134722
0 0.665234 0.662500 0.114844 0.125000
0 0.670313 0.820833 0.304688 0.191667
0 0.537500 0.955556 0.032812 0.077778
0 0.598047 0.958333 0.071094 0.083333
0 0.759375 0.391667 0.248437 0.263889
0 0.786328 0.557639 0.191406 0.084722
0 0.819531 0.654861 0.228125 0.118056
0 0.874609 0.818056 0.160156 0.205556
