0 0.017578 0.961111 0.035156 0.055556
0 0.759766 0.697222 0.000781 0.002778
0 0.732031 0.697222 0.125000 0.080556
0 0.459766 0.840278 0.046094 0.044444
0 0.060938 0.853472 0.121875 0.081944
0 0.746875 0.877778 0.453125 0.244444
0 0.500391 0.864583 0.053906 0.054167
0 0.485938 0.912500 0.050000 0.041667
0 0.472266 0.959028 0.044531 0.051389
0 0.388672 0.987500 0.033594 0.025000
0 0.126172 0.797917 0.072656 0.054167
0 0.193750 0.767361 0.028125 0.029167
0 0.182422 0.790972 0.022656 0.034722
0 0.216797 0.793750 0.033594 0.029167
0 0.486328 0.775694 0.071094 0.043056
0 0.419922 0.793056 0.046094 0.075000
0 0.616016 0.720139 0.130469 0.093056
0 0.562109 0.656250 0.016406 0.031944
0 0.537109 0.754861 0.027344 0.031944
0 0.505078 0.671528 0.088281 0.129167
0 0.385547 0.742361 0.000781 0.001389
0 0.229687 0.691667 0.459375 0.172222
0 0.042188 0.784722 0.084375 0.044444
