0 0.914453 0.077778 0.169531 0.155556
0 0.962109 0.275000 0.074219 0.233333
0 0.057422 0.136806 0.114844 0.212500
0 0.361719 0.154861 0.368750 0.304167
0 0.590234 0.078472 0.092969 0.154167
0 0.808984 0.211806 0.133594 0.134722
0 0.676562 0.251389 0.128125 0.233333
0 0.096094 0.409722 0.192188 0.288889
0 0.610547 0.385417 0.138281 0.323611
0 0.475391 0.390278 0.116406 0.250000
0 0.297266 0.470139 0.178906 0.295833
0 0.208594 0.703472 0.228125 0.173611
0 0.105078 0.881250 0.149219 0.237500
0 0.326562 0.909722 0.256250 0.180556
0 0.450000 0.668750 0.101563 0.337500
0 0.570313 0.811111 0.171875 0.183333
0 0.574219 0.605556 0.150000 0.147222
