0 0.499609 0.186111 0.999219 0.158333
0 0.630078 0.477778 0.096094 0.086111
0 0.528125 0.520833 0.151562 0.155556
0 0.173047 0.413194 0.346094 0.290278
0 0.942969 0.350000 0.112500 0.144444
0 0.861328 0.315278 0.046094 0.083333
0 0.797656 0.335417 0.085938 0.104167
0 0.736328 0.315278 0.057031 0.075000
0 0.580469 0.290278 0.250000 0.047222
0 0.389453 0.279167 0.075781 0.030556
0 0.546484 0.357639 0.358594 0.118056
0 0.573438 0.426389 0.100000 0.055556
0 0.852344 0.502778 0.293750 0.161111
0 0.820313 0.704167 0.357812 0.225000
0 0.902734 0.912500 0.192969 0.175000
