0 0.178516 0.286806 0.042969 0.143056
0 0.228125 0.300694 0.048437 0.070833
0 0.081250 0.174306 0.162500 0.348611
0 0.607422 0.109722 0.125781 0.216667
0 0.577734 0.363889 0.157031 0.297222
0 0.545703 0.605556 0.132031 0.186111
0 0.440234 0.691667 0.077344 0.250000
0 0.479297 0.493750 0.028906 0.073611
0 0.451953 0.520139 0.033594 0.062500
0 0.265625 0.812500 0.081250 0.169444
0 0.379687 0.076389 0.340625 0.150000
0 0.242188 0.143750 0.118750 0.093056
0 0.240625 0.230556 0.034375 0.080556
0 0.275391 0.284028 0.036719 0.070833
0 0.293750 0.245139 0.056250 0.095833
0 0.412109 0.222917 0.207031 0.151389
0 0.218359 0.460417 0.080469 0.120833
0 0.331250 0.585417 0.204688 0.220833
0 0.168359 0.504861 0.032031 0.073611
0 0.154297 0.579167 0.091406 0.075000
0 0.127344 0.479861 0.065625 0.098611
0 0.133203 0.771528 0.266406 0.334722
0 0.053906 0.565278 0.081250 0.094444
0 0.379687 0.388889 0.242188 0.177778
