0 0.660156 0.036111 0.054688 0.072222
0 0.607813 0.069444 0.048437 0.080556
0 0.980859 0.501389 0.036719 0.083333
0 0.495313 0.327778 0.050000 0.080556
0 0.810156 0.732639 0.096875 0.112500
0 0.961719 0.694444 0.075000 0.133333
0 0.986328 0.024306 0.025781 0.045833
0 0.814062 0.166667 0.110937 0.069444
0 0.895703 0.757639 0.072656 0.073611
0 0.921484 0.824306 0.078906 0.070833
0 0.969922 0.795139 0.058594 0.068056
0 0.978516 0.867361 0.041406 0.087500
0 0.920703 0.875694 0.053906 0.054167
0 0.959766 0.956944 0.078906 0.086111
0 0.844922 0.863889 0.046094 0.069444
0 0.511719 0.620139 0.035937 0.043056
0 0.436719 0.685417 0.178125 0.629167
0 0.521875 0.850000 0.025000 0.050000
0 0.511719 0.787500 0.031250 0.050000
0 0.823438 0.536806 0.071875 0.093056
0 0.775781 0.484028 0.048437 0.059722
0 0.822266 0.451389 0.028906 0.069444
0 0.789844 0.931250 0.092188 0.087500
0 0.798047 0.841667 0.049219 0.105556
0 0.750781 0.777778 0.062500 0.072222
0 0.757031 0.852778 0.031250 0.061111
0 0.726953 0.806944 0.041406 0.055556
0 0.534766 0.459028 0.021094 0.065278
0 0.534375 0.511111 0.015625 0.027778
0 0.801953 0.304861 0.394531 0.259722
0 0.880078 0.438194 0.052344 0.079167
0 0.753125 0.569444 0.079687 0.133333
0 0.626562 0.527083 0.185937 0.198611
0 0.701172 0.685417 0.047656 0.068056
0 0.721484 0.934722 0.064844 0.130556
0 0.615625 0.911111 0.178125 0.177778
0 0.660156 0.762500 0.090625 0.100000
0 0.575781 0.720139 0.101563 0.181944
0 0.655859 0.667361 0.052344 0.093056
