0 0.868750 0.648611 0.051562 0.063889
0 0.864453 0.495833 0.039844 0.058333
0 0.935156 0.586111 0.045313 0.041667
0 0.947266 0.434028 0.041406 0.040278
0 0.970703 0.490972 0.036719 0.034722
0 0.968359 0.520833 0.060156 0.050000
0 0.920313 0.481250 0.039063 0.040278
0 0.908984 0.450000 0.027344 0.036111
0 0.978125 0.580556 0.042188 0.063889
0 0.759375 0.736111 0.045313 0.075000
0 0.794922 0.777778 0.027344 0.066667
0 0.803125 0.895833 0.040625 0.077778
0 0.767969 0.919444 0.039063 0.061111
0 0.683984 0.872222 0.053906 0.072222
0 0.685156 0.930556 0.042188 0.063889
0 0.729688 0.981250 0.034375 0.037500
0 0.584375 0.962500 0.060938 0.069444
0 0.808203 0.986111 0.028906 0.027778
0 0.522266 0.866667 0.044531 0.077778
0 0.502734 0.954861 0.058594 0.081944
0 0.506250 0.738889 0.028125 0.047222
0 0.460938 0.774306 0.020312 0.065278
0 0.415625 0.810417 0.039063 0.040278
0 0.379687 0.764583 0.032812 0.056944
0 0.428516 0.754861 0.017969 0.043056
0 0.444141 0.686806 0.044531 0.051389
0 0.196875 0.872917 0.065625 0.059722
0 0.096875 0.804167 0.054688 0.052778
0 0.148828 0.722222 0.047656 0.061111
0 0.162891 0.759028 0.042969 0.073611
0 0.203516 0.782639 0.044531 0.056944
0 0.227344 0.800000 0.026563 0.080556
0 0.316797 0.725694 0.030469 0.070833
0 0.362109 0.697222 0.044531 0.055556
0 0.441797 0.570833 0.032031 0.047222
0 0.475391 0.559028 0.035156 0.031944
0 0.538281 0.618056 0.023438 0.052778
0 0.357812 0.618056 0.017188 0.047222
0 0.372266 0.622917 0.016406 0.048611
0 0.371875 0.549306 0.035937 0.045833
0 0.333594 0.590972 0.026563 0.043056
0 0.260938 0.604861 0.026563 0.043056
0 0.232031 0.616667 0.023438 0.044444
0 0.250391 0.647917 0.030469 0.040278
0 0.175781 0.631250 0.023438 0.040278
0 0.120703 0.536806 0.019531 0.037500
0 0.078906 0.543056 0.023438 0.036111
0 0.054297 0.541667 0.024219 0.047222
0 0.024219 0.634028 0.034375 0.054167
0 0.686719 0.706250 0.043750 0.043056
0 0.669531 0.654861 0.029687 0.043056
0 0.623047 0.663889 0.035156 0.044444
0 0.630469 0.728472 0.026563 0.062500
0 0.616797 0.746528 0.033594 0.059722
0 0.564062 0.733333 0.037500 0.047222
0 0.558203 0.709722 0.036719 0.033333
0 0.542188 0.699306 0.023438 0.040278
0 0.569531 0.489583 0.021875 0.043056
0 0.634766 0.492361 0.030469 0.037500
0 0.663672 0.513194 0.036719 0.045833
0 0.655469 0.559028 0.040625 0.031944
0 0.675781 0.590972 0.037500 0.040278
0 0.777734 0.429167 0.033594 0.050000
0 0.690234 0.426389 0.030469 0.036111
0 0.591406 0.639583 0.035937 0.068056
0 0.586719 0.609722 0.020312 0.044444
0 0.623047 0.384722 0.019531 0.041667
0 0.578125 0.538889 0.026563 0.030556
0 0.570313 0.547222 0.026563 0.025000
0 0.566797 0.558333 0.044531 0.025000
0 0.558594 0.579167 0.018750 0.038889
0 0.363672 0.462500 0.017969 0.033333
0 0.296484 0.518056 0.021094 0.036111
0 0.333594 0.499306 0.015625 0.031944
0 0.326562 0.390278 0.026563 0.041667
0 0.346484 0.520139 0.022656 0.023611
0 0.341797 0.527778 0.024219 0.030556
0 0.260156 0.504861 0.021875 0.040278
0 0.246875 0.545833 0.021875 0.030556
0 0.231250 0.540972 0.018750 0.045833
0 0.224219 0.522222 0.023438 0.038889
0 0.206641 0.486806 0.032031 0.029167
0 0.189063 0.508333 0.020312 0.033333
0 0.280859 0.418750 0.019531 0.037500
0 0.033984 0.492361 0.067969 0.054167
0 0.048437 0.463889 0.023438 0.030556
0 0.021484 0.443750 0.017969 0.034722
0 0.010937 0.427083 0.021875 0.037500
0 0.008203 0.347222 0.014844 0.036111
0 0.014453 0.391667 0.028906 0.036111
0 0.046484 0.374306 0.017969 0.034722
0 0.035547 0.397222 0.016406 0.025000
0 0.082813 0.368056 0.025000 0.038889
0 0.057031 0.402778 0.025000 0.022222
0 0.073828 0.407639 0.027344 0.026389
0 0.061328 0.429167 0.019531 0.030556
0 0.107031 0.431250 0.025000 0.029167
0 0.125391 0.422917 0.013281 0.023611
0 0.097266 0.461111 0.011719 0.025000
0 0.103516 0.463889 0.019531 0.030556
0 0.399609 0.328472 0.017969 0.045833
0 0.104297 0.344444 0.021094 0.030556
0 0.124609 0.385417 0.024219 0.045833
0 0.154687 0.377778 0.018750 0.027778
0 0.152734 0.352778 0.030469 0.036111
0 0.189453 0.344444 0.025781 0.038889
0 0.202344 0.351389 0.020312 0.025000
0 0.157813 0.439583 0.025000 0.029167
0 0.187891 0.436806 0.021094 0.034722
0 0.215234 0.434028 0.022656 0.034722
0 0.226563 0.420139 0.017188 0.023611
0 0.231250 0.406250 0.017188 0.037500
0 0.234766 0.390278 0.016406 0.030556
0 0.250781 0.379861 0.021875 0.023611
0 0.217578 0.395139 0.011719 0.026389
0 0.212500 0.388889 0.018750 0.030556
0 0.225781 0.375694 0.018750 0.026389
0 0.205859 0.365972 0.027344 0.037500
0 0.190625 0.462500 0.023438 0.047222
0 0.166016 0.464583 0.042969 0.043056
0 0.756250 0.370833 0.031250 0.036111
0 0.772656 0.359028 0.025000 0.034722
0 0.797266 0.378472 0.013281 0.031944
0 0.809375 0.345139 0.029687 0.034722
0 0.848047 0.340278 0.033594 0.033333
0 0.872266 0.321528 0.025781 0.029167
0 0.841016 0.311806 0.027344 0.031944
0 0.796094 0.321528 0.017188 0.026389
0 0.807422 0.297917 0.042969 0.026389
0 0.747656 0.320139 0.021875 0.037500
0 0.718359 0.300000 0.021094 0.036111
0 0.694531 0.306944 0.025000 0.036111
0 0.677734 0.325694 0.022656 0.040278
0 0.601953 0.347917 0.028906 0.034722
0 0.416406 0.307639 0.015625 0.029167
0 0.449219 0.312500 0.010937 0.044444
0 0.475391 0.297222 0.010156 0.030556
0 0.457031 0.289583 0.009375 0.034722
0 0.423047 0.287500 0.022656 0.033333
0 0.379687 0.327778 0.017188 0.027778
0 0.375000 0.268750 0.012500 0.037500
0 0.359766 0.300000 0.017969 0.025000
0 0.362891 0.322222 0.017969 0.027778
0 0.377734 0.310417 0.013281 0.029167
0 0.322656 0.297917 0.014062 0.031944
0 0.308203 0.305556 0.022656 0.033333
0 0.322656 0.327083 0.018750 0.026389
0 0.312500 0.340278 0.020312 0.036111
0 0.292578 0.331250 0.017969 0.029167
0 0.278906 0.354167 0.018750 0.038889
0 0.299219 0.367361 0.014062 0.037500
0 0.258594 0.343750 0.031250 0.037500
0 0.265234 0.302083 0.014844 0.029167
0 0.291016 0.279167 0.017969 0.030556
0 0.316406 0.265278 0.017188 0.033333
0 0.262891 0.281944 0.011719 0.027778
0 0.246094 0.284028 0.007813 0.023611
0 0.239453 0.268056 0.021094 0.038889
0 0.188281 0.309028 0.014062 0.029167
0 0.191406 0.286111 0.021875 0.030556
0 0.208984 0.270139 0.022656 0.040278
0 0.027734 0.340278 0.014844 0.044444
0 0.042969 0.331944 0.018750 0.030556
0 0.014062 0.279167 0.028125 0.027778
0 0.031641 0.304167 0.021094 0.038889
0 0.056641 0.301389 0.014844 0.036111
0 0.070703 0.298611 0.016406 0.030556
0 0.096484 0.295139 0.021094 0.031944
0 0.122656 0.307639 0.018750 0.029167
0 0.129297 0.290278 0.017969 0.033333
0 0.149219 0.286806 0.018750 0.026389
0 0.137891 0.259028 0.011719 0.023611
0 0.149609 0.250000 0.016406 0.033333
0 0.125000 0.272917 0.012500 0.018056
0 0.117188 0.245139 0.014062 0.026389
0 0.087109 0.265972 0.014844 0.020833
0 0.167187 0.249306 0.028125 0.037500
0 0.254297 0.227778 0.016406 0.050000
0 0.273438 0.243056 0.023438 0.033333
0 0.614062 0.265972 0.017188 0.026389
0 0.048828 0.244444 0.094531 0.058333
0 0.202344 0.226389 0.029687 0.058333
0 0.228516 0.231250 0.025781 0.037500
0 0.226953 0.211111 0.024219 0.030556
0 0.151953 0.212500 0.063281 0.052778
0 0.289063 0.250694 0.015625 0.026389
0 0.301953 0.244444 0.016406 0.022222
0 0.324609 0.238889 0.022656 0.027778
0 0.405078 0.247917 0.016406 0.023611
0 0.405859 0.265972 0.008594 0.023611
0 0.394922 0.274306 0.016406 0.043056
0 0.975391 0.310417 0.047656 0.040278
0 0.924609 0.331250 0.019531 0.034722
0 0.967578 0.271528 0.027344 0.065278
0 0.991406 0.284028 0.015625 0.045833
0 0.943750 0.312500 0.025000 0.044444
0 0.935547 0.271528 0.025781 0.031944
0 0.887891 0.304861 0.039844 0.034722
0 0.919141 0.295833 0.030469 0.036111
0 0.886328 0.290972 0.014844 0.029167
0 0.767187 0.278472 0.035937 0.040278
0 0.805469 0.275000 0.032812 0.041667
0 0.830078 0.258333 0.022656 0.027778
0 0.865234 0.274306 0.028906 0.037500
0 0.850391 0.279861 0.016406 0.037500
0 0.983594 0.212500 0.031250 0.050000
0 0.948047 0.220833 0.038281 0.033333
0 0.939453 0.241667 0.022656 0.036111
0 0.905469 0.257639 0.042188 0.048611
0 0.888672 0.239583 0.046094 0.029167
0 0.900391 0.192361 0.041406 0.045833
0 0.926172 0.205556 0.017969 0.027778
0 0.903125 0.214583 0.023438 0.031944
0 0.855078 0.224306 0.027344 0.040278
0 0.881250 0.164583 0.031250 0.051389
0 0.839844 0.125000 0.015625 0.044444
0 0.813281 0.120833 0.020312 0.033333
0 0.790234 0.149306 0.019531 0.029167
0 0.791406 0.184722 0.021875 0.025000
0 0.795313 0.196528 0.023438 0.020833
0 0.804688 0.210417 0.017188 0.018056
0 0.805859 0.236806 0.017969 0.023611
0 0.794922 0.240972 0.010156 0.034722
0 0.740625 0.261111 0.020312 0.033333
0 0.744141 0.160417 0.024219 0.034722
0 0.772266 0.109028 0.017969 0.029167
0 0.603125 0.300694 0.025000 0.037500
0 0.590234 0.309028 0.014844 0.037500
0 0.577734 0.304167 0.016406 0.027778
0 0.567578 0.316667 0.016406 0.025000
0 0.608594 0.242361 0.010937 0.031944
0 0.302344 0.219444 0.018750 0.025000
0 0.318750 0.220139 0.009375 0.020833
0 0.282813 0.179861 0.017188 0.026389
0 0.292969 0.205556 0.017188 0.019444
0 0.313281 0.190278 0.007813 0.013889
0 0.366797 0.228472 0.013281 0.026389
0 0.368359 0.245833 0.013281 0.036111
0 0.348047 0.225694 0.021094 0.059722
0 0.395703 0.217361 0.021094 0.029167
0 0.400781 0.189583 0.023438 0.034722
0 0.423438 0.189583 0.010937 0.018056
0 0.418750 0.218056 0.025000 0.027778
0 0.431641 0.252778 0.011719 0.027778
0 0.427734 0.235417 0.013281 0.018056
0 0.442187 0.238889 0.014062 0.052778
0 0.467969 0.275694 0.014062 0.029167
0 0.451562 0.260417 0.015625 0.020833
0 0.492188 0.295139 0.023438 0.026389
0 0.557813 0.279167 0.015625 0.030556
0 0.573828 0.281944 0.022656 0.033333
0 0.542578 0.298611 0.024219 0.030556
0 0.644141 0.288889 0.013281 0.036111
0 0.672656 0.286111 0.029687 0.030556
0 0.624609 0.123611 0.014844 0.038889
0 0.644141 0.181944 0.011719 0.019444
0 0.633984 0.203472 0.019531 0.031944
0 0.666797 0.213194 0.032031 0.034722
0 0.719531 0.262500 0.021875 0.041667
0 0.682813 0.252083 0.050000 0.054167
0 0.653516 0.248611 0.013281 0.025000
0 0.882031 0.092361 0.020312 0.034722
0 0.762891 0.221528 0.047656 0.062500
0 0.737500 0.200000 0.017188 0.027778
0 0.716016 0.184028 0.016406 0.029167
0 0.701172 0.212500 0.010156 0.022222
0 0.714453 0.147222 0.016406 0.027778
0 0.690234 0.143750 0.021094 0.029167
0 0.699219 0.175000 0.012500 0.025000
0 0.664063 0.186111 0.010937 0.022222
0 0.573438 0.158333 0.043750 0.038889
0 0.611328 0.184028 0.016406 0.034722
0 0.595703 0.204861 0.017969 0.037500
0 0.592969 0.180556 0.009375 0.025000
0 0.573047 0.191667 0.014844 0.033333
0 0.591406 0.234722 0.017188 0.030556
0 0.456250 0.215972 0.018750 0.045833
0 0.466797 0.245139 0.032031 0.029167
0 0.489453 0.265972 0.021094 0.031944
0 0.513672 0.280556 0.022656 0.038889
0 0.329688 0.211806 0.010937 0.029167
0 0.105078 0.237500 0.017969 0.033333
0 0.234766 0.186111 0.019531 0.036111
0 0.658594 0.106250 0.014062 0.023611
0 0.520703 0.202083 0.044531 0.034722
0 0.572656 0.254167 0.015625 0.033333
0 0.580469 0.242361 0.009375 0.034722
0 0.568359 0.242361 0.019531 0.031944
0 0.554297 0.240278 0.017969 0.030556
0 0.542969 0.259028 0.012500 0.034722
0 0.532812 0.284028 0.010937 0.031944
0 0.510938 0.243750 0.060938 0.048611
0 0.475391 0.200694 0.016406 0.029167
0 0.525391 0.184722 0.025781 0.025000
0 0.516406 0.163194 0.012500 0.034722
0 0.499609 0.168056 0.019531 0.033333
0 0.264062 0.188194 0.012500 0.029167
0 0.894141 0.129167 0.021094 0.033333
0 0.957031 0.106250 0.018750 0.023611
