0 0.556250 0.937500 0.081250 0.075000
0 0.263672 0.691667 0.124219 0.152778
0 0.284766 0.831250 0.085156 0.098611
0 0.030859 0.828472 0.061719 0.126389
0 0.178516 0.941667 0.100781 0.116667
0 0.114453 0.893750 0.152344 0.212500
0 0.739844 0.820833 0.068750 0.163889
0 0.772266 0.613889 0.058594 0.061111
0 0.123438 0.637500 0.148438 0.200000
0 0.022656 0.595833 0.045313 0.122222
0 0.370313 0.777778 0.062500 0.083333
0 0.322656 0.956944 0.160938 0.086111
0 0.398828 0.868056 0.096094 0.161111
0 0.464453 0.620833 0.042969 0.052778
0 0.432813 0.648611 0.051562 0.083333
0 0.607031 0.620833 0.121875 0.119444
0 0.508594 0.588889 0.087500 0.075000
0 0.622266 0.873611 0.038281 0.086111
0 0.633594 0.818056 0.150000 0.091667
0 0.526172 0.779167 0.124219 0.172222
0 0.684766 0.657639 0.075781 0.079167
0 0.760547 0.704167 0.102344 0.097222
0 0.903906 0.825000 0.190625 0.338889
0 0.746484 0.938194 0.122656 0.123611
