0 0.867188 0.132639 0.264062 0.254167
0 0.834375 0.331944 0.084375 0.141667
0 0.969531 0.415278 0.059375 0.161111
0 0.951172 0.290972 0.096094 0.087500
0 0.915625 0.361111 0.060938 0.061111
0 0.951563 0.525000 0.095312 0.116667
0 0.909766 0.433333 0.061719 0.069444
0 0.837891 0.451389 0.075781 0.086111
0 0.871875 0.512500 0.065625 0.055556
0 0.887109 0.671528 0.157031 0.101389
0 0.928906 0.898611 0.140625 0.202778
0 0.733594 0.098611 0.065625 0.194444
0 0.664063 0.107639 0.079687 0.212500
0 0.588281 0.322917 0.210938 0.218056
0 0.601953 0.701389 0.135156 0.144444
0 0.740625 0.583333 0.200000 0.322222
0 0.775781 0.760417 0.101563 0.081944
0 0.640625 0.895139 0.435937 0.209722
0 0.501562 0.557639 0.084375 0.120833
0 0.121875 0.043056 0.170312 0.086111
0 0.013281 0.096528 0.026563 0.101389
0 0.088672 0.254167 0.177344 0.344444
0 0.321094 0.156250 0.109375 0.123611
0 0.581641 0.051389 0.069531 0.102778
0 0.560547 0.158333 0.136719 0.108333
0 0.470703 0.061806 0.124219 0.120833
0 0.420312 0.143056 0.115625 0.211111
0 0.324609 0.061806 0.066406 0.101389
0 0.242188 0.065278 0.087500 0.125000
0 0.239063 0.186111 0.081250 0.116667
0 0.330469 0.261111 0.098438 0.086111
0 0.417969 0.268750 0.071875 0.101389
0 0.424219 0.350000 0.075000 0.072222
0 0.211328 0.273611 0.085156 0.108333
0 0.325000 0.359722 0.078125 0.111111
0 0.400000 0.416667 0.140625 0.086111
0 0.279297 0.324306 0.066406 0.101389
0 0.236719 0.393750 0.085938 0.062500
0 0.198047 0.347917 0.085156 0.109722
0 0.435547 0.538194 0.055469 0.109722
0 0.346094 0.522222 0.201562 0.130556
0 0.208984 0.447917 0.203906 0.076389
0 0.050781 0.514583 0.101563 0.195833
0 0.031250 0.837500 0.062500 0.325000
0 0.357031 0.679861 0.106250 0.137500
0 0.292969 0.618750 0.082813 0.087500
0 0.216016 0.584028 0.085156 0.145833
0 0.095312 0.622222 0.100000 0.208333
0 0.172656 0.721528 0.115625 0.159722
0 0.283203 0.794444 0.086719 0.127778
0 0.236328 0.936806 0.110156 0.126389
0 0.152734 0.890972 0.136719 0.218056
