0 0.126953 0.895139 0.121094 0.131944
0 0.463672 0.802778 0.107031 0.130556
0 0.452344 0.234028 0.157813 0.179167
0 0.065234 0.091667 0.130469 0.172222
0 0.196484 0.117361 0.091406 0.195833
0 0.129297 0.260417 0.117969 0.176389
0 0.314063 0.202778 0.071875 0.186111
0 0.229297 0.318750 0.124219 0.162500
0 0.158203 0.416667 0.091406 0.102778
0 0.071484 0.422222 0.133594 0.150000
0 0.021094 0.264583 0.042188 0.173611
0 0.061719 0.552778 0.123438 0.125000
0 0.314063 0.531944 0.075000 0.113889
0 0.278125 0.861111 0.150000 0.200000
0 0.366016 0.641667 0.083594 0.155556
0 0.259766 0.659722 0.127344 0.169444
0 0.451172 0.645139 0.078906 0.118056
0 0.413672 0.409028 0.119531 0.173611
0 0.748047 0.822222 0.064844 0.133333
0 0.661328 0.754167 0.083594 0.113889
0 0.659375 0.842361 0.085938 0.090278
0 0.580469 0.940278 0.292188 0.119444
0 0.548828 0.859028 0.060156 0.056944
0 0.558594 0.789583 0.106250 0.151389
0 0.580859 0.729861 0.038281 0.087500
0 0.538672 0.278472 0.063281 0.109722
0 0.495313 0.434722 0.053125 0.233333
0 0.531250 0.578472 0.125000 0.115278
0 0.558203 0.452778 0.060156 0.119444
0 0.622266 0.217361 0.116406 0.106944
0 0.761328 0.634722 0.096094 0.136111
0 0.675000 0.590278 0.168750 0.155556
0 0.596094 0.684028 0.089062 0.087500
0 0.552344 0.356250 0.062500 0.062500
0 0.621875 0.349306 0.106250 0.134722
0 0.669531 0.451389 0.115625 0.075000
0 0.882031 0.854167 0.234375 0.291667
0 0.901953 0.570139 0.194531 0.276389
0 0.837891 0.320833 0.322656 0.325000
0 0.800781 0.075000 0.396875 0.150000
