0 0.093359 0.879861 0.186719 0.240278
0 0.870313 0.086111 0.257813 0.166667
0 0.961719 0.240278 0.075000 0.133333
0 0.675391 0.058333 0.211719 0.116667
0 0.118750 0.231250 0.109375 0.198611
0 0.176563 0.649306 0.176563 0.226389
0 0.014844 0.159028 0.029687 0.315278
0 0.757031 0.577778 0.184375 0.219444
0 0.832031 0.255556 0.159375 0.105556
0 0.567969 0.852083 0.164063 0.184722
0 0.558594 0.659028 0.109375 0.201389
0 0.669922 0.650694 0.110156 0.140278
0 0.317578 0.059028 0.457031 0.115278
0 0.567578 0.458333 0.146094 0.169444
0 0.567969 0.286111 0.148438 0.211111
0 0.335156 0.299306 0.317187 0.379167
0 0.398047 0.572917 0.274219 0.156944
0 0.407422 0.702778 0.086719 0.105556
0 0.330859 0.815278 0.149219 0.191667
0 0.276172 0.909722 0.178906 0.163889
0 0.772656 0.789583 0.093750 0.148611
0 0.737109 0.370833 0.152344 0.194444
0 0.878906 0.449306 0.128125 0.104167
0 0.102344 0.444444 0.204688 0.238889
0 0.016797 0.600694 0.033594 0.070833
