0 0.190625 0.209722 0.037500 0.047222
0 0.165625 0.267361 0.039063 0.062500
0 0.127344 0.402083 0.057813 0.051389
0 0.063672 0.304167 0.124219 0.166667
0 0.267188 0.300000 0.057813 0.044444
0 0.278516 0.247917 0.030469 0.048611
0 0.048047 0.501389 0.067969 0.066667
0 0.025000 0.861111 0.050000 0.100000
0 0.329297 0.956944 0.053906 0.086111
0 0.351172 0.825000 0.038281 0.075000
0 0.334766 0.753472 0.035156 0.051389
0 0.367188 0.532639 0.042188 0.098611
0 0.302734 0.513889 0.063281 0.083333
0 0.537500 0.447222 0.039063 0.044444
0 0.456250 0.797917 0.082813 0.129167
0 0.528906 0.864583 0.054688 0.187500
0 0.570313 0.846528 0.023438 0.054167
0 0.171094 0.666667 0.053125 0.097222
0 0.333594 0.188194 0.031250 0.059722
0 0.449219 0.243056 0.209375 0.227778
0 0.587109 0.265278 0.055469 0.069444
0 0.515625 0.659028 0.043750 0.084722
0 0.457812 0.686806 0.067188 0.070833
0 0.511328 0.600000 0.014844 0.033333
0 0.294531 0.587500 0.035937 0.058333
0 0.646484 0.602083 0.058594 0.145833
0 0.509375 0.490278 0.037500 0.050000
0 0.441797 0.462500 0.033594 0.097222
0 0.483203 0.518056 0.044531 0.066667
0 0.577344 0.468056 0.021875 0.069444
0 0.555469 0.553472 0.095312 0.090278
0 0.578125 0.669444 0.068750 0.147222
0 0.283594 0.681944 0.134375 0.130556
0 0.593359 0.922917 0.060156 0.090278
0 0.220703 0.892361 0.155469 0.215278
0 0.103516 0.791667 0.105469 0.133333
0 0.081641 0.679167 0.163281 0.247222
0 0.091016 0.524306 0.042969 0.048611
0 0.160547 0.514583 0.058594 0.109722
0 0.242188 0.590278 0.031250 0.052778
0 0.193359 0.579167 0.061719 0.041667
0 0.260156 0.428472 0.110937 0.126389
0 0.226172 0.527083 0.067969 0.062500
0 0.408594 0.627083 0.096875 0.206944
0 0.601953 0.781250 0.036719 0.095833
0 0.796875 0.888194 0.021875 0.001389
0 0.786719 0.859722 0.332812 0.280556
0 0.637500 0.933333 0.050000 0.127778
0 0.650781 0.381250 0.137500 0.240278
0 0.942187 0.861111 0.114063 0.180556
0 0.805469 0.424306 0.200000 0.231944
0 0.835547 0.640972 0.327344 0.243056
