0 0.453906 0.251389 0.001563 0.002778
0 0.445703 0.237500 0.024219 0.033333
0 0.453516 0.276389 0.032031 0.044444
0 0.230469 0.515972 0.042188 0.040278
0 0.285937 0.547222 0.032812 0.044444
0 0.196484 0.697222 0.016406 0.036111
0 0.214844 0.743750 0.035937 0.059722
0 0.155078 0.726389 0.030469 0.044444
0 0.126953 0.757639 0.019531 0.062500
0 0.103516 0.754861 0.019531 0.065278
0 0.010156 0.744444 0.020312 0.102778
0 0.026563 0.813889 0.053125 0.063889
0 0.073828 0.839583 0.032031 0.068056
0 0.119922 0.841667 0.046094 0.077778
0 0.023438 0.940278 0.046875 0.119444
0 0.078906 0.947917 0.053125 0.076389
0 0.115625 0.959722 0.020312 0.038889
0 0.175000 0.759722 0.025000 0.047222
0 0.166016 0.815278 0.042969 0.050000
0 0.406641 0.087500 0.049219 0.088889
0 0.273438 0.874306 0.025000 0.073611
0 0.297656 0.911806 0.017188 0.062500
0 0.248047 0.977778 0.032031 0.044444
0 0.166797 0.884028 0.038281 0.084722
0 0.213281 0.888889 0.059375 0.097222
0 0.173828 0.964583 0.058594 0.070833
0 0.399219 0.524306 0.014062 0.031944
0 0.371875 0.542361 0.037500 0.048611
0 0.360938 0.465972 0.026563 0.045833
0 0.327344 0.458333 0.037500 0.072222
0 0.359375 0.743750 0.025000 0.037500
0 0.384375 0.788194 0.039063 0.062500
0 0.285937 0.702778 0.026563 0.047222
0 0.340625 0.861111 0.040625 0.052778
0 0.259375 0.746528 0.034375 0.029167
0 0.272266 0.789583 0.060156 0.043056
0 0.318359 0.765972 0.032031 0.037500
0 0.328516 0.804861 0.047656 0.051389
0 0.337891 0.584722 0.017969 0.075000
0 0.307422 0.642361 0.075781 0.076389
0 0.377344 0.645833 0.045313 0.125000
0 0.392578 0.732639 0.021094 0.034722
0 0.103516 0.157639 0.207031 0.301389
0 0.021484 0.336111 0.042969 0.058333
0 0.125000 0.340972 0.067188 0.059722
0 0.176172 0.336806 0.033594 0.137500
0 0.208984 0.342361 0.027344 0.045833
0 0.267188 0.320833 0.075000 0.088889
0 0.247656 0.129167 0.079687 0.252778
0 0.310156 0.065972 0.037500 0.079167
0 0.301953 0.177083 0.036719 0.098611
0 0.463672 0.956944 0.035156 0.080556
0 0.358594 0.963889 0.045313 0.072222
0 0.392578 0.877778 0.085156 0.108333
0 0.406250 0.955556 0.017188 0.036111
0 0.428516 0.977778 0.025781 0.044444
0 0.370703 0.155556 0.091406 0.163889
0 0.374219 0.275000 0.095312 0.072222
0 0.650391 0.915278 0.058594 0.091667
0 0.559375 0.929861 0.104687 0.140278
0 0.430859 0.687500 0.047656 0.058333
0 0.501953 0.838194 0.039844 0.040278
0 0.463672 0.860417 0.022656 0.051389
0 0.430469 0.745139 0.037500 0.065278
0 0.442578 0.608333 0.061719 0.066667
0 0.478516 0.510417 0.041406 0.095833
0 0.443359 0.481944 0.025781 0.050000
0 0.439063 0.538889 0.037500 0.063889
0 0.330078 0.307639 0.042969 0.073611
0 0.435937 0.344444 0.029687 0.072222
0 0.400000 0.325694 0.035937 0.037500
0 0.375000 0.386111 0.093750 0.083333
0 0.455469 0.415278 0.039063 0.069444
0 0.423047 0.431944 0.017969 0.055556
0 0.498437 0.734722 0.070313 0.191667
0 0.560547 0.809722 0.016406 0.063889
0 0.537891 0.805556 0.013281 0.097222
0 0.450000 0.805556 0.021875 0.097222
