0 0.294141 0.083333 0.588281 0.166667
0 0.185547 0.296528 0.041406 0.087500
0 0.300391 0.278472 0.036719 0.079167
0 0.344922 0.290972 0.044531 0.076389
0 0.212500 0.384722 0.050000 0.119444
0 0.204688 0.705556 0.101563 0.094444
0 0.310547 0.521528 0.102344 0.168056
0 0.212500 0.901389 0.140625 0.197222
0 0.540625 0.425000 0.079687 0.075000
0 0.625391 0.404861 0.082031 0.090278
0 0.428125 0.427083 0.051562 0.104167
0 0.572656 0.559028 0.040625 0.054167
0 0.858594 0.142361 0.281250 0.284722
0 0.757031 0.315972 0.076563 0.126389
0 0.678125 0.317361 0.085938 0.081944
0 0.653906 0.136806 0.098438 0.118056
0 0.693750 0.195139 0.078125 0.120833
0 0.610937 0.255556 0.084375 0.097222
0 0.501562 0.224306 0.125000 0.118056
0 0.463281 0.331944 0.078125 0.155556
0 0.573828 0.711806 0.071094 0.101389
0 0.641016 0.783333 0.105469 0.288889
0 0.492188 0.670833 0.043750 0.155556
0 0.406641 0.631250 0.128906 0.134722
0 0.369531 0.809722 0.109375 0.227778
0 0.411328 0.913889 0.083594 0.108333
0 0.510547 0.850000 0.103906 0.141667
0 0.946094 0.525694 0.106250 0.184722
0 0.965625 0.702083 0.067188 0.170833
0 0.899609 0.693056 0.053906 0.133333
0 0.610156 0.504861 0.060938 0.098611
0 0.761719 0.500694 0.101563 0.201389
0 0.674609 0.541667 0.086719 0.172222
0 0.793750 0.802083 0.167187 0.395833
0 0.112500 0.555556 0.192188 0.155556
