0 0.892578 0.081250 0.213281 0.148611
0 0.384375 0.897917 0.109375 0.204167
0 0.514063 0.283333 0.187500 0.308333
0 0.209375 0.472917 0.418750 0.945833
0 0.216797 0.961111 0.125781 0.077778
0 0.460547 0.581250 0.094531 0.293056
0 0.523828 0.911111 0.107031 0.177778
0 0.604297 0.898611 0.050781 0.202778
0 0.680078 0.963194 0.100781 0.073611
0 0.771484 0.900000 0.185156 0.200000
0 0.793359 0.269444 0.207031 0.200000
0 0.932031 0.337500 0.100000 0.155556
0 0.793359 0.565278 0.411719 0.330556
0 0.866406 0.785417 0.264062 0.095833
0 0.937109 0.899306 0.124219 0.123611
