0 0.912109 0.136111 0.174219 0.255556
0 0.380859 0.923611 0.166406 0.152778
0 0.849609 0.326389 0.102344 0.122222
0 0.776953 0.422917 0.163281 0.143056
0 0.652734 0.628472 0.330469 0.279167
0 0.484375 0.053472 0.246875 0.104167
0 0.218359 0.259722 0.039844 0.088889
0 0.307031 0.185417 0.114063 0.237500
0 0.333984 0.331944 0.057031 0.077778
0 0.252734 0.545139 0.255469 0.348611
0 0.184375 0.277083 0.039063 0.070833
0 0.145313 0.383333 0.123438 0.155556
0 0.082422 0.568750 0.077344 0.126389
0 0.446875 0.236806 0.173438 0.254167
0 0.477734 0.445139 0.196094 0.173611
