0 0.638672 0.199306 0.180469 0.143056
0 0.487500 0.843056 0.020312 0.052778
0 0.519141 0.838194 0.035156 0.062500
0 0.242969 0.677778 0.028125 0.063889
0 0.619141 0.356250 0.060156 0.073611
0 0.569141 0.479861 0.044531 0.090278
0 0.594531 0.426389 0.040625 0.066667
0 0.660547 0.491667 0.024219 0.058333
0 0.269141 0.548611 0.064844 0.155556
0 0.330859 0.456944 0.097656 0.108333
0 0.325000 0.546528 0.018750 0.079167
0 0.362891 0.566667 0.025781 0.097222
0 0.395312 0.527083 0.040625 0.131944
0 0.481641 0.343750 0.088281 0.156944
0 0.405859 0.431944 0.064844 0.102778
0 0.499609 0.479167 0.086719 0.116667
0 0.461328 0.596528 0.088281 0.101389
0 0.250391 0.728472 0.042969 0.065278
0 0.318750 0.881250 0.198437 0.181944
0 0.561328 0.954167 0.289844 0.091667
0 0.737109 0.218750 0.019531 0.045833
0 0.861328 0.622222 0.275781 0.755556
0 0.669531 0.414583 0.059375 0.090278
0 0.700781 0.510417 0.048437 0.084722
0 0.708594 0.588194 0.029687 0.056944
0 0.660547 0.634722 0.055469 0.094444
0 0.696484 0.668056 0.053906 0.066667
0 0.709375 0.781250 0.062500 0.156944
