1 0.392578 0.819444 0.039844 0.052778
1 0.486328 0.798611 0.027344 0.050000
1 0.507031 0.887500 0.040625 0.072222
1 0.553516 0.915972 0.033594 0.054167
1 0.559766 0.949306 0.035156 0.045833
1 0.133203 0.870139 0.044531 0.079167
1 0.143750 0.797222 0.065625 0.063889
1 0.085938 0.790972 0.029687 0.037500
1 0.076172 0.869444 0.035156 0.069444
1 0.018750 0.895139 0.037500 0.056944
1 0.242969 0.790972 0.039063 0.040278
1 0.186719 0.839583 0.018750 0.043056
1 0.273438 0.889583 0.028125 0.056944
1 0.015625 0.754861 0.029687 0.037500
1 0.020703 0.832639 0.036719 0.043056
1 0.064844 0.825000 0.018750 0.027778
1 0.071094 0.745139 0.042188 0.051389
1 0.038672 0.728472 0.021094 0.031944
1 0.055469 0.685417 0.025000 0.040278
1 0.032031 0.637500 0.026563 0.036111
1 0.017969 0.600694 0.015625 0.043056
1 0.053516 0.584722 0.022656 0.025000
1 0.095703 0.675000 0.052344 0.036111
1 0.113281 0.706944 0.040625 0.041667
1 0.339844 0.965972 0.026563 0.056944
1 0.492188 0.975000 0.029687 0.044444
1 0.519531 0.973611 0.029687 0.047222
1 0.960547 0.948611 0.033594 0.066667
1 0.902344 0.952083 0.064062 0.068056
1 0.777344 0.956250 0.031250 0.059722
1 0.691406 0.827083 0.040625 0.048611
1 0.750391 0.890972 0.027344 0.048611
1 0.775391 0.839583 0.035156 0.048611
1 0.201953 0.728472 0.027344 0.054167
1 0.178125 0.693750 0.032812 0.045833
1 0.209375 0.663194 0.025000 0.040278
1 0.298047 0.668750 0.032031 0.048611
1 0.246094 0.649306 0.021875 0.054167
1 0.258984 0.684722 0.022656 0.036111
1 0.285937 0.606944 0.012500 0.033333
1 0.232422 0.595139 0.032031 0.048611
1 0.081250 0.620833 0.032812 0.030556
1 0.089062 0.636111 0.025000 0.030556
1 0.150781 0.655556 0.026563 0.044444
1 0.123438 0.636111 0.028125 0.044444
1 0.154297 0.614583 0.041406 0.040278
1 0.189453 0.644444 0.017969 0.036111
1 0.117969 0.597917 0.060938 0.031944
1 0.076563 0.573611 0.012500 0.022222
1 0.152344 0.551389 0.103125 0.036111
1 0.100781 0.579861 0.043750 0.034722
1 0.174609 0.575000 0.014844 0.025000
1 0.209375 0.584722 0.012500 0.016667
1 0.216016 0.568750 0.017969 0.029167
1 0.976953 0.867361 0.044531 0.087500
1 0.962500 0.792361 0.026563 0.045833
1 0.969141 0.753472 0.022656 0.048611
1 0.962500 0.694444 0.050000 0.108333
1 0.656641 0.863889 0.036719 0.077778
1 0.716406 0.939583 0.045313 0.115278
1 0.684375 0.931250 0.039063 0.118056
1 0.621875 0.852083 0.026563 0.045833
1 0.611328 0.893750 0.025781 0.045833
1 0.595703 0.811111 0.028906 0.038889
1 0.591797 0.783333 0.017969 0.025000
1 0.568359 0.784722 0.024219 0.041667
1 0.556641 0.764583 0.014844 0.031944
1 0.607813 0.754167 0.017188 0.036111
1 0.594141 0.689583 0.025781 0.026389
1 0.609375 0.672222 0.021875 0.030556
1 0.593359 0.650694 0.022656 0.031944
1 0.569922 0.650694 0.021094 0.026389
1 0.569531 0.668750 0.017188 0.020833
1 0.922266 0.686111 0.017969 0.033333
1 0.916406 0.700000 0.021875 0.033333
1 0.237891 0.547917 0.041406 0.040278
1 0.264453 0.560417 0.011719 0.018056
1 0.276172 0.539583 0.028906 0.029167
1 0.281250 0.561806 0.009375 0.015278
1 0.324609 0.538194 0.064844 0.040278
1 0.322266 0.578472 0.027344 0.043056
1 0.320313 0.634722 0.017188 0.027778
1 0.340234 0.636111 0.025781 0.025000
1 0.325781 0.656944 0.026563 0.033333
1 0.365625 0.669444 0.014062 0.027778
1 0.379687 0.618056 0.012500 0.027778
1 0.364844 0.619444 0.014062 0.030556
1 0.463672 0.645139 0.016406 0.034722
1 0.522656 0.625000 0.025000 0.019444
1 0.347656 0.605556 0.018750 0.025000
1 0.352344 0.584028 0.023438 0.031944
1 0.370703 0.581944 0.010156 0.022222
1 0.385938 0.584722 0.012500 0.025000
1 0.405859 0.610417 0.033594 0.031944
1 0.438281 0.605556 0.017188 0.036111
1 0.464453 0.611111 0.038281 0.025000
1 0.489844 0.612500 0.023438 0.036111
1 0.908594 0.768750 0.043750 0.065278
1 0.534375 0.572222 0.031250 0.027778
1 0.512109 0.566667 0.019531 0.022222
1 0.540625 0.628472 0.023438 0.045833
1 0.557422 0.621528 0.025781 0.043056
1 0.549609 0.594444 0.013281 0.025000
1 0.563281 0.593056 0.012500 0.027778
1 0.567969 0.576389 0.009375 0.016667
1 0.621875 0.625694 0.026563 0.029167
1 0.625391 0.643750 0.013281 0.020833
1 0.652734 0.668750 0.019531 0.034722
1 0.658984 0.695833 0.058594 0.025000
1 0.627734 0.711806 0.032031 0.034722
1 0.401172 0.518056 0.021094 0.019444
1 0.360938 0.536111 0.012500 0.016667
1 0.379687 0.531250 0.031250 0.023611
1 0.378906 0.560417 0.056250 0.034722
1 0.415625 0.574306 0.031250 0.031944
1 0.439453 0.543056 0.069531 0.030556
1 0.479297 0.540278 0.019531 0.030556
1 0.481250 0.564583 0.031250 0.026389
1 0.444922 0.568750 0.028906 0.020833
1 0.506250 0.527083 0.015625 0.018056
1 0.462500 0.586806 0.023438 0.020833
1 0.483203 0.584722 0.014844 0.022222
1 0.507813 0.551389 0.018750 0.022222
1 0.500000 0.575694 0.010937 0.034722
1 0.510547 0.590278 0.010156 0.016667
1 0.515625 0.598611 0.026563 0.025000
1 0.529688 0.540972 0.021875 0.040278
1 0.569531 0.534722 0.054688 0.038889
1 0.558984 0.556250 0.028906 0.026389
1 0.584766 0.562500 0.014844 0.025000
1 0.620703 0.539583 0.049219 0.051389
1 0.618359 0.572917 0.013281 0.023611
1 0.657812 0.543750 0.025000 0.034722
1 0.648047 0.569444 0.033594 0.027778
1 0.687891 0.540972 0.041406 0.031944
1 0.688672 0.565278 0.017969 0.022222
1 0.666406 0.561111 0.009375 0.019444
1 0.693750 0.585417 0.046875 0.031944
1 0.669141 0.608333 0.024219 0.036111
1 0.711328 0.622917 0.021094 0.020833
1 0.694922 0.656944 0.032031 0.038889
1 0.659766 0.783333 0.042969 0.050000
1 0.647266 0.751389 0.039844 0.041667
1 0.626953 0.773611 0.000781 0.002778
1 0.704687 0.739583 0.073437 0.068056
1 0.739453 0.793750 0.069531 0.040278
1 0.847266 0.795139 0.050781 0.040278
1 0.827344 0.829167 0.039063 0.044444
1 0.798047 0.791667 0.039844 0.058333
1 0.794141 0.756250 0.099219 0.051389
1 0.863281 0.745833 0.050000 0.050000
1 0.988672 0.608333 0.021094 0.036111
1 0.993359 0.669444 0.011719 0.036111
1 0.876953 0.579861 0.063281 0.034722
1 0.860547 0.626389 0.041406 0.036111
1 0.829297 0.570139 0.028906 0.031944
1 0.720703 0.561806 0.025781 0.059722
1 0.751562 0.552083 0.026563 0.031944
1 0.739453 0.575694 0.016406 0.023611
1 0.796875 0.565278 0.042188 0.044444
1 0.769531 0.575694 0.029687 0.043056
1 0.798437 0.588194 0.026563 0.026389
1 0.814844 0.622917 0.043750 0.043056
1 0.786328 0.626389 0.024219 0.036111
1 0.750781 0.622917 0.045313 0.062500
1 0.745313 0.659722 0.029687 0.019444
1 0.723828 0.694444 0.033594 0.027778
1 0.762109 0.692361 0.058594 0.073611
1 0.828516 0.688194 0.057031 0.048611
1 0.834375 0.661806 0.029687 0.034722
1 0.884375 0.702778 0.040625 0.019444
1 0.808594 0.720833 0.051562 0.030556
