0 0.467969 0.947222 0.039063 0.105556
0 0.462891 0.792361 0.028906 0.062500
0 0.429688 0.795833 0.025000 0.058333
0 0.398828 0.815278 0.025781 0.075000
0 0.428516 0.974306 0.024219 0.051389
0 0.280078 0.961806 0.053906 0.065278
0 0.200391 0.834722 0.061719 0.069444
0 0.118750 0.901389 0.115625 0.197222
0 0.031641 0.940278 0.063281 0.119444
0 0.773438 0.898611 0.017188 0.030556
0 0.805469 0.881944 0.050000 0.066667
0 0.862109 0.913194 0.057031 0.040278
0 0.877734 0.958333 0.063281 0.041667
0 0.848828 0.832639 0.038281 0.048611
0 0.803516 0.821528 0.052344 0.062500
0 0.220703 0.756250 0.036719 0.081944
0 0.146094 0.703472 0.137500 0.112500
0 0.102344 0.802778 0.070313 0.075000
0 0.038281 0.776389 0.076563 0.172222
0 0.676172 0.715278 0.202344 0.277778
0 0.479688 0.688889 0.223438 0.213889
0 0.311328 0.684028 0.122656 0.165278
0 0.237109 0.675000 0.039844 0.113889
