0 0.728516 0.651389 0.038281 0.072222
0 0.754687 0.550000 0.042188 0.038889
0 0.633984 0.784028 0.044531 0.090278
0 0.839844 0.897222 0.073437 0.063889
0 0.846875 0.967361 0.064062 0.065278
0 0.936719 0.947222 0.039063 0.105556
0 0.972656 0.838889 0.053125 0.083333
0 0.667969 0.677083 0.032812 0.087500
0 0.697266 0.600694 0.030469 0.056944
0 0.661328 0.582639 0.028906 0.037500
0 0.751562 0.139583 0.034375 0.048611
0 0.557813 0.693056 0.031250 0.058333
0 0.520703 0.681944 0.036719 0.069444
0 0.691016 0.161111 0.035156 0.069444
0 0.619141 0.180556 0.028906 0.080556
0 0.645703 0.195833 0.030469 0.080556
0 0.700391 0.232639 0.036719 0.056944
0 0.773438 0.200000 0.039063 0.063889
0 0.753516 0.240278 0.052344 0.075000
0 0.815625 0.435417 0.034375 0.073611
0 0.846484 0.493056 0.041406 0.077778
0 0.567969 0.415972 0.046875 0.059722
0 0.601172 0.450000 0.019531 0.033333
0 0.426953 0.406944 0.025781 0.036111
0 0.501953 0.590278 0.027344 0.050000
0 0.568750 0.276389 0.026563 0.075000
0 0.519922 0.225000 0.055469 0.091667
0 0.517187 0.111111 0.042188 0.116667
0 0.681641 0.297917 0.036719 0.084722
0 0.620313 0.312500 0.051562 0.102778
0 0.766797 0.840278 0.022656 0.086111
0 0.732031 0.940278 0.146875 0.119444
0 0.595312 0.902083 0.126563 0.168056
0 0.542969 0.598611 0.034375 0.086111
0 0.722656 0.401389 0.062500 0.119444
0 0.666406 0.392361 0.040625 0.076389
0 0.672266 0.528472 0.064844 0.045833
0 0.668359 0.466667 0.074219 0.069444
0 0.901172 0.177778 0.058594 0.086111
0 0.947656 0.073611 0.103125 0.147222
0 0.524219 0.354167 0.029687 0.061111
0 0.834766 0.239583 0.058594 0.065278
0 0.834375 0.309722 0.093750 0.075000
0 0.929688 0.327778 0.090625 0.138889
0 0.935156 0.443750 0.079687 0.056944
0 0.967969 0.500000 0.062500 0.097222
0 0.941797 0.588889 0.114844 0.102778
0 0.931250 0.688889 0.107813 0.163889
0 0.575000 0.547917 0.029687 0.059722
0 0.602734 0.533333 0.035156 0.066667
0 0.457031 0.086111 0.071875 0.052778
0 0.463281 0.140278 0.031250 0.047222
0 0.408984 0.041667 0.075781 0.077778
0 0.318750 0.031944 0.032812 0.041667
0 0.268750 0.029167 0.051562 0.058333
0 0.020703 0.304167 0.041406 0.097222
0 0.478516 0.794444 0.057031 0.116667
0 0.056641 0.325000 0.042969 0.075000
0 0.092969 0.561111 0.184375 0.386111
0 0.244531 0.656944 0.114063 0.380556
0 0.374609 0.755556 0.146094 0.311111
0 0.509375 0.531250 0.079687 0.056944
0 0.491406 0.414583 0.054688 0.170833
0 0.425781 0.472222 0.073437 0.083333
0 0.409766 0.544444 0.055469 0.075000
0 0.357031 0.567361 0.051562 0.084722
0 0.451172 0.275000 0.033594 0.122222
0 0.388672 0.217361 0.094531 0.212500
0 0.378516 0.344444 0.110156 0.052778
0 0.330859 0.463194 0.103906 0.184722
0 0.114063 0.153472 0.223438 0.295833
0 0.286719 0.187500 0.126563 0.222222
0 0.224609 0.350694 0.213281 0.126389
0 0.248828 0.447222 0.074219 0.061111
0 0.619922 0.570139 0.030469 0.059722
0 0.593359 0.617361 0.058594 0.045833
