0 0.378516 0.717361 0.038281 0.040278
0 0.382031 0.756250 0.046875 0.034722
0 0.535547 0.863194 0.039844 0.056944
0 0.417969 0.977083 0.037500 0.045833
0 0.537500 0.984722 0.051562 0.030556
0 0.917188 0.655556 0.043750 0.063889
0 0.883594 0.698611 0.048437 0.044444
0 0.067188 0.701389 0.032812 0.063889
0 0.241797 0.975694 0.057031 0.048611
0 0.433203 0.561806 0.024219 0.026389
0 0.460547 0.563889 0.025781 0.033333
0 0.489453 0.558333 0.030469 0.036111
0 0.527344 0.556250 0.028125 0.051389
0 0.267188 0.599306 0.295312 0.101389
0 0.106250 0.614583 0.042188 0.065278
0 0.313281 0.676389 0.032812 0.041667
0 0.201562 0.697917 0.195313 0.093056
0 0.146484 0.800694 0.292969 0.126389
0 0.123047 0.926389 0.246094 0.147222
0 0.639844 0.975000 0.054688 0.050000
0 0.697266 0.912500 0.053906 0.075000
0 0.524219 0.706250 0.079687 0.076389
0 0.568750 0.744444 0.018750 0.033333
0 0.630859 0.743750 0.038281 0.043056
0 0.622266 0.927083 0.039844 0.037500
0 0.650391 0.906250 0.030469 0.065278
0 0.683203 0.836806 0.082031 0.073611
0 0.863281 0.890278 0.026563 0.050000
0 0.827734 0.891667 0.060156 0.075000
0 0.666016 0.734722 0.024219 0.038889
0 0.594922 0.674306 0.063281 0.095833
0 0.758203 0.706250 0.027344 0.037500
0 0.859766 0.959028 0.175781 0.081944
0 0.976172 0.965972 0.046094 0.068056
0 0.940234 0.898611 0.094531 0.100000
0 0.916016 0.805556 0.072656 0.080556
0 0.706641 0.975694 0.036719 0.048611
0 0.762109 0.835417 0.047656 0.095833
0 0.696094 0.695833 0.068750 0.091667
0 0.756250 0.769444 0.081250 0.052778
0 0.822266 0.798611 0.061719 0.075000
0 0.847266 0.754861 0.028906 0.043056
0 0.785937 0.594444 0.101563 0.091667
0 0.719531 0.569444 0.028125 0.033333
0 0.719141 0.606944 0.028906 0.041667
0 0.573438 0.566667 0.059375 0.050000
0 0.581641 0.602083 0.036719 0.040278
0 0.655469 0.593750 0.110937 0.104167
0 0.776563 0.663889 0.115625 0.055556
0 0.803516 0.705556 0.055469 0.041667
0 0.811719 0.743750 0.039063 0.031944
