0 0.557422 0.041667 0.116406 0.069444
0 0.479297 0.119444 0.071094 0.122222
0 0.555859 0.117361 0.088281 0.079167
0 0.536328 0.186806 0.036719 0.073611
0 0.701172 0.035417 0.088281 0.070833
0 0.869141 0.760417 0.000781 0.001389
0 0.845312 0.738194 0.039063 0.045833
0 0.971094 0.808333 0.056250 0.188889
0 0.933984 0.855556 0.097656 0.158333
0 0.910547 0.915972 0.085156 0.118056
0 0.858203 0.963889 0.058594 0.072222
0 0.854297 0.860417 0.041406 0.062500
0 0.989453 0.260417 0.019531 0.048611
0 0.900391 0.114583 0.057031 0.065278
0 0.831250 0.045139 0.075000 0.084722
0 0.768750 0.036111 0.076563 0.072222
0 0.820313 0.839583 0.035937 0.073611
0 0.805078 0.759028 0.053906 0.051389
0 0.784375 0.797917 0.056250 0.073611
0 0.739844 0.849306 0.040625 0.143056
0 0.770312 0.867361 0.021875 0.048611
0 0.680469 0.855556 0.057813 0.105556
0 0.502734 0.211806 0.024219 0.037500
0 0.510938 0.267361 0.085938 0.079167
0 0.525391 0.332639 0.060156 0.084722
0 0.470313 0.363194 0.048437 0.037500
0 0.919922 0.038889 0.088281 0.077778
0 0.975781 0.044444 0.046875 0.083333
0 0.841406 0.102778 0.085938 0.100000
0 0.967578 0.136111 0.000781 0.002778
0 0.967578 0.125000 0.063281 0.075000
0 0.966016 0.183333 0.064844 0.086111
0 0.924219 0.237500 0.071875 0.061111
0 0.970703 0.640972 0.057031 0.090278
0 0.591406 0.324306 0.048437 0.101389
0 0.962891 0.348611 0.066406 0.052778
0 0.880469 0.198611 0.100000 0.122222
0 0.929688 0.508333 0.139062 0.186111
0 0.907031 0.679861 0.020312 0.001389
0 0.898438 0.643056 0.093750 0.086111
0 0.904297 0.329167 0.089844 0.100000
0 0.891406 0.406944 0.128125 0.063889
0 0.800000 0.400694 0.035937 0.051389
0 0.827344 0.288194 0.085938 0.045833
0 0.821875 0.343056 0.092188 0.075000
0 0.768359 0.119444 0.092969 0.119444
0 0.818359 0.161806 0.047656 0.031944
0 0.663672 0.158333 0.127344 0.111111
0 0.700391 0.286806 0.174219 0.198611
0 0.810156 0.217361 0.046875 0.095833
0 0.641406 0.478472 0.128125 0.184722
0 0.651172 0.603472 0.038281 0.065278
0 0.608203 0.604861 0.044531 0.059722
0 0.739453 0.439583 0.074219 0.109722
0 0.821484 0.494444 0.089844 0.138889
0 0.748828 0.527778 0.086719 0.061111
0 0.761719 0.610417 0.178125 0.093056
0 0.685547 0.697917 0.202344 0.101389
0 0.691016 0.779167 0.083594 0.058333
0 0.495703 0.515278 0.177344 0.272222
0 0.534766 0.825694 0.221094 0.348611
