0 0.975391 0.812500 0.047656 0.072222
0 0.959375 0.879167 0.079687 0.086111
0 0.472266 0.582639 0.027344 0.056944
0 0.430078 0.584028 0.036719 0.056944
0 0.394922 0.577778 0.024219 0.047222
0 0.425781 0.733333 0.059375 0.080556
0 0.257813 0.700000 0.059375 0.055556
0 0.404687 0.847917 0.056250 0.079167
0 0.424219 0.927083 0.062500 0.079167
0 0.521484 0.972917 0.066406 0.054167
0 0.469922 0.963194 0.042969 0.073611
0 0.823438 0.563194 0.028125 0.040278
0 0.971484 0.726389 0.055469 0.047222
0 0.952734 0.681944 0.080469 0.041667
0 0.060938 0.903472 0.121875 0.159722
0 0.126172 0.798611 0.053906 0.111111
0 0.830469 0.921528 0.064062 0.137500
0 0.037109 0.788889 0.074219 0.083333
0 0.257031 0.932639 0.062500 0.056944
0 0.742188 0.935417 0.096875 0.123611
0 0.688672 0.868750 0.055469 0.040278
0 0.480859 0.711111 0.039844 0.122222
0 0.522266 0.775694 0.067969 0.106944
0 0.601563 0.836806 0.132813 0.137500
0 0.198047 0.903472 0.150781 0.193056
0 0.158984 0.594444 0.077344 0.066667
0 0.064844 0.659028 0.129688 0.176389
0 0.042188 0.547917 0.084375 0.065278
0 0.096094 0.497222 0.192188 0.097222
0 0.186719 0.530556 0.048437 0.055556
0 0.879297 0.662500 0.057031 0.072222
0 0.842578 0.675694 0.021094 0.034722
0 0.899219 0.618750 0.104687 0.045833
0 0.917188 0.929167 0.101563 0.141667
0 0.795313 0.621528 0.089062 0.056944
0 0.258594 0.514583 0.114063 0.079167
0 0.498437 0.484028 0.439063 0.115278
0 0.664453 0.572222 0.252344 0.097222
