0 0.533984 0.179167 0.082031 0.125000
0 0.489453 0.047222 0.080469 0.091667
0 0.619141 0.046528 0.146094 0.093056
0 0.097266 0.395139 0.194531 0.568056
0 0.216016 0.593056 0.147656 0.238889
0 0.399219 0.611806 0.076563 0.081944
0 0.355078 0.526389 0.082031 0.155556
0 0.277344 0.389583 0.151562 0.290278
0 0.372656 0.211806 0.084375 0.084722
0 0.401953 0.318750 0.097656 0.195833
0 0.422266 0.444444 0.044531 0.080556
0 0.464063 0.408333 0.053125 0.075000
0 0.475000 0.322222 0.081250 0.069444
0 0.823828 0.446528 0.092969 0.187500
0 0.826953 0.090278 0.258594 0.155556
0 0.751953 0.263889 0.197656 0.233333
0 0.621875 0.250000 0.109375 0.155556
0 0.542969 0.392361 0.106250 0.126389
0 0.637891 0.511806 0.275781 0.265278
