1 0.354297 0.713194 0.102344 0.112500
1 0.578125 0.608333 0.160938 0.116667
1 0.740625 0.781250 0.081250 0.159722
1 0.940234 0.511111 0.117969 0.136111
1 0.651172 0.502083 0.102344 0.084722
1 0.385938 0.456944 0.106250 0.100000
1 0.262500 0.447917 0.101563 0.081944
1 0.339063 0.399306 0.050000 0.065278
1 0.379687 0.353472 0.031250 0.068056
1 0.781641 0.359028 0.085156 0.051389
1 0.848047 0.372222 0.039844 0.052778
1 0.816406 0.434722 0.051562 0.050000
1 0.792969 0.506944 0.057813 0.069444
1 0.195313 0.375694 0.067188 0.070833
1 0.099609 0.315972 0.061719 0.065278
1 0.053906 0.275694 0.053125 0.056944
1 0.185937 0.311806 0.051562 0.045833
1 0.166406 0.336806 0.070313 0.054167
1 0.989844 0.304861 0.021875 0.062500
1 0.605859 0.409722 0.083594 0.066667
1 0.579297 0.447222 0.041406 0.058333
1 0.414453 0.277778 0.041406 0.038889
1 0.469531 0.346528 0.059375 0.070833
1 0.476563 0.297917 0.035937 0.040278
1 0.549219 0.361111 0.064062 0.052778
1 0.672656 0.351389 0.075000 0.061111
1 0.679297 0.264583 0.078906 0.068056
1 0.553906 0.287500 0.075000 0.091667
1 0.363672 0.286111 0.030469 0.033333
1 0.315625 0.245833 0.034375 0.030556
1 0.292188 0.269444 0.043750 0.044444
1 0.307813 0.325000 0.056250 0.038889
1 0.282422 0.354167 0.053906 0.061111
1 0.225781 0.284722 0.070313 0.063889
1 0.207813 0.252778 0.031250 0.041667
1 0.103125 0.266667 0.051562 0.030556
1 0.118359 0.250000 0.049219 0.036111
1 0.162109 0.250694 0.033594 0.034722
1 0.098828 0.224306 0.080469 0.048611
1 0.035937 0.203472 0.071875 0.068056
1 0.106641 0.190278 0.066406 0.041667
1 0.164453 0.196528 0.030469 0.040278
1 0.197266 0.221528 0.046094 0.037500
1 0.233984 0.209028 0.041406 0.065278
1 0.880469 0.223611 0.043750 0.041667
1 0.743359 0.231944 0.036719 0.027778
1 0.298047 0.207639 0.086719 0.062500
1 0.387891 0.204861 0.094531 0.051389
1 0.475000 0.191667 0.092188 0.069444
1 0.569922 0.187500 0.088281 0.055556
1 0.651172 0.194444 0.080469 0.075000
1 0.760156 0.175694 0.132813 0.070833
1 0.983594 0.171528 0.031250 0.051389
1 0.867969 0.198611 0.075000 0.038889
1 0.943359 0.170833 0.071094 0.080556
1 0.872656 0.152083 0.087500 0.068056
1 0.738281 0.445833 0.057813 0.077778
