0 0.551562 0.581944 0.031250 0.036111
0 0.461328 0.649306 0.032031 0.084722
0 0.412109 0.676389 0.030469 0.052778
0 0.670313 0.622222 0.032812 0.036111
0 0.015234 0.675000 0.030469 0.105556
0 0.094922 0.602083 0.128906 0.112500
0 0.102734 0.868056 0.205469 0.263889
0 0.420312 0.453472 0.065625 0.051389
0 0.924219 0.672917 0.150000 0.062500
0 0.941406 0.729861 0.115625 0.062500
0 0.887500 0.862500 0.053125 0.102778
0 0.932031 0.793056 0.134375 0.080556
0 0.432031 0.579861 0.035937 0.040278
0 0.426562 0.497917 0.021875 0.026389
0 0.398047 0.595139 0.027344 0.056944
0 0.337891 0.570833 0.116406 0.050000
0 0.732813 0.622222 0.095312 0.058333
0 0.865234 0.553472 0.267969 0.170833
0 0.676172 0.501389 0.108594 0.136111
0 0.672656 0.583333 0.071875 0.036111
0 0.626562 0.551389 0.045313 0.030556
0 0.610937 0.523611 0.029687 0.033333
0 0.254687 0.493056 0.103125 0.050000
0 0.175000 0.515278 0.048437 0.050000
0 0.222266 0.553472 0.122656 0.084722
0 0.302344 0.516667 0.042188 0.052778
0 0.386719 0.503472 0.035937 0.040278
0 0.355859 0.495833 0.061719 0.055556
0 0.380078 0.528472 0.064844 0.034722
0 0.429297 0.539583 0.028906 0.037500
0 0.569531 0.542361 0.054688 0.043056
0 0.591797 0.452778 0.058594 0.050000
0 0.496094 0.455556 0.095312 0.044444
0 0.549609 0.475694 0.022656 0.051389
0 0.585938 0.495139 0.062500 0.034722
0 0.528906 0.537500 0.001563 0.002778
0 0.529688 0.497222 0.032812 0.047222
0 0.491016 0.481944 0.050781 0.013889
0 0.459375 0.500694 0.029687 0.056944
0 0.504687 0.527778 0.057813 0.063889
0 0.718750 0.834028 0.276563 0.331944
0 0.471094 0.853472 0.226563 0.287500
0 0.280859 0.844444 0.153906 0.236111
0 0.931641 0.959028 0.135156 0.081944
