0 0.441406 0.514583 0.054688 0.062500
0 0.646484 0.558333 0.042969 0.044444
0 0.580859 0.689583 0.038281 0.106944
0 0.547266 0.722917 0.027344 0.101389
0 0.695313 0.472222 0.035937 0.036111
0 0.466797 0.737500 0.049219 0.061111
0 0.503906 0.915278 0.065625 0.091667
0 0.604688 0.935417 0.139062 0.129167
0 0.503125 0.987500 0.054688 0.025000
0 0.219922 0.440972 0.439844 0.123611
0 0.466016 0.389583 0.053906 0.040278
0 0.517187 0.384028 0.040625 0.037500
0 0.975781 0.447917 0.046875 0.062500
0 0.791016 0.775000 0.053906 0.077778
0 0.098047 0.957639 0.164844 0.084722
0 0.308594 0.931250 0.267188 0.137500
0 0.396875 0.784722 0.076563 0.102778
0 0.319922 0.792361 0.072656 0.087500
0 0.241016 0.787500 0.085156 0.063889
0 0.212891 0.859722 0.064844 0.086111
0 0.621875 0.481944 0.043750 0.041667
0 0.574609 0.476389 0.067969 0.041667
0 0.628906 0.437500 0.081250 0.058333
0 0.656250 0.382639 0.168750 0.076389
0 0.555859 0.381944 0.036719 0.047222
0 0.771484 0.570833 0.052344 0.058333
0 0.809375 0.629167 0.053125 0.075000
0 0.969141 0.382639 0.041406 0.023611
0 0.135937 0.818056 0.103125 0.100000
0 0.957422 0.515972 0.083594 0.048611
0 0.953906 0.588889 0.090625 0.102778
0 0.933594 0.701389 0.131250 0.119444
0 0.951172 0.784028 0.096094 0.081944
0 0.737891 0.856250 0.117969 0.168056
0 0.714453 0.718056 0.142969 0.202778
0 0.613672 0.740278 0.071094 0.136111
0 0.858984 0.661806 0.030469 0.068056
0 0.811328 0.685417 0.071094 0.054167
0 0.275000 0.749306 0.003125 0.001389
0 0.376563 0.709722 0.100000 0.094444
0 0.338672 0.679167 0.074219 0.102778
0 0.264844 0.735417 0.081250 0.087500
0 0.050781 0.706250 0.101563 0.306944
0 0.143750 0.647917 0.081250 0.248611
0 0.250781 0.602083 0.139062 0.215278
0 0.339063 0.578472 0.056250 0.109722
0 0.755859 0.360417 0.032031 0.037500
0 0.811719 0.359722 0.068750 0.030556
0 0.841016 0.397222 0.186719 0.055556
0 0.744141 0.440972 0.069531 0.073611
0 0.886328 0.373611 0.016406 0.022222
0 0.907812 0.464583 0.043750 0.065278
0 0.875781 0.432639 0.042188 0.026389
0 0.836719 0.463194 0.098438 0.045833
0 0.856641 0.500000 0.075781 0.027778
0 0.783984 0.508333 0.096094 0.047222
0 0.835156 0.570833 0.070313 0.080556
0 0.850000 0.881250 0.096875 0.237500
0 0.947266 0.903472 0.103906 0.193056
