0 0.606250 0.911111 0.081250 0.177778
0 0.505469 0.842361 0.048437 0.090278
0 0.438281 0.977083 0.035937 0.045833
0 0.389453 0.981250 0.033594 0.037500
0 0.499609 0.629861 0.000781 0.001389
0 0.485156 0.652083 0.032812 0.040278
0 0.453516 0.706250 0.039844 0.037500
0 0.452344 0.749306 0.043750 0.048611
0 0.980859 0.402083 0.036719 0.062500
0 0.983984 0.682639 0.030469 0.073611
0 0.985937 0.750694 0.026563 0.034722
0 0.982422 0.859028 0.033594 0.070833
0 0.986719 0.934722 0.025000 0.063889
0 0.777734 0.936806 0.157031 0.126389
0 0.860156 0.889583 0.060938 0.118056
0 0.964844 0.983333 0.068750 0.033333
0 0.929297 0.944444 0.046094 0.058333
0 0.898438 0.975000 0.057813 0.050000
0 0.903516 0.853472 0.036719 0.068056
0 0.963281 0.574306 0.071875 0.087500
0 0.958594 0.485417 0.037500 0.034722
0 0.919922 0.522917 0.063281 0.045833
0 0.891406 0.492361 0.051562 0.040278
0 0.725391 0.618056 0.024219 0.033333
0 0.748828 0.595833 0.025781 0.038889
0 0.778516 0.579167 0.035156 0.052778
0 0.555469 0.518750 0.032812 0.043056
0 0.813281 0.625000 0.040625 0.050000
0 0.807422 0.683333 0.061719 0.063889
0 0.802734 0.790278 0.030469 0.055556
0 0.844922 0.785417 0.052344 0.062500
0 0.869922 0.756250 0.024219 0.062500
0 0.907422 0.761111 0.046094 0.080556
0 0.854688 0.661111 0.042188 0.063889
0 0.882031 0.696528 0.037500 0.048611
0 0.889063 0.647222 0.053125 0.069444
0 0.914844 0.618750 0.065625 0.062500
0 0.743359 0.332639 0.028906 0.029167
0 0.821484 0.359028 0.175781 0.051389
0 0.841016 0.397917 0.035156 0.034722
0 0.877734 0.447222 0.183594 0.063889
0 0.837891 0.490972 0.030469 0.031944
0 0.737891 0.484028 0.027344 0.026389
0 0.723437 0.508333 0.015625 0.047222
0 0.610937 0.556944 0.053125 0.072222
0 0.632813 0.519444 0.031250 0.025000
0 0.675391 0.536111 0.069531 0.058333
0 0.445703 0.586111 0.035156 0.038889
0 0.432422 0.611111 0.019531 0.044444
0 0.479297 0.540278 0.038281 0.038889
0 0.482031 0.570833 0.028125 0.030556
0 0.401172 0.653472 0.041406 0.095833
0 0.762500 0.445833 0.029687 0.058333
0 0.771484 0.403472 0.032031 0.037500
0 0.705859 0.409028 0.097656 0.101389
0 0.671875 0.480556 0.046875 0.052778
0 0.619141 0.435417 0.072656 0.054167
0 0.605469 0.493056 0.050000 0.052778
0 0.536719 0.472917 0.085938 0.081944
0 0.509375 0.532639 0.018750 0.051389
0 0.485156 0.500694 0.023438 0.045833
0 0.436719 0.525000 0.067188 0.091667
0 0.358203 0.552778 0.091406 0.091667
0 0.192188 0.940972 0.342187 0.118056
0 0.403125 0.922222 0.076563 0.094444
0 0.442578 0.826389 0.072656 0.094444
0 0.204297 0.614583 0.214844 0.165278
0 0.303125 0.793056 0.246875 0.191667
0 0.345703 0.645833 0.066406 0.116667
