0 0.976953 0.118056 0.044531 0.130556
0 0.990625 0.019444 0.017188 0.036111
0 0.952344 0.030556 0.031250 0.063889
0 0.931641 0.094444 0.041406 0.047222
0 0.905469 0.031250 0.039063 0.062500
0 0.864062 0.182639 0.023438 0.029167
0 0.850391 0.150694 0.030469 0.056944
0 0.843359 0.097917 0.038281 0.056944
0 0.790234 0.050694 0.122656 0.095833
0 0.707812 0.055556 0.023438 0.061111
0 0.737109 0.115972 0.035156 0.031944
0 0.676562 0.029861 0.034375 0.059722
0 0.673828 0.141667 0.060156 0.097222
0 0.691016 0.247222 0.025781 0.052778
0 0.741016 0.213889 0.078906 0.138889
0 0.730859 0.296528 0.074219 0.034722
0 0.651563 0.342361 0.028125 0.051389
0 0.661328 0.415972 0.019531 0.045833
0 0.781250 0.452083 0.018750 0.043056
0 0.780859 0.511806 0.028906 0.051389
0 0.979688 0.528472 0.039063 0.062500
0 0.833594 0.558333 0.029687 0.058333
0 0.694922 0.549306 0.052344 0.076389
0 0.580078 0.072222 0.135156 0.144444
0 0.540234 0.170833 0.028906 0.050000
0 0.638281 0.253472 0.057813 0.109722
0 0.583203 0.209028 0.066406 0.101389
0 0.569141 0.343056 0.146094 0.211111
0 0.657031 0.472222 0.059375 0.077778
0 0.585938 0.579167 0.151562 0.261111
0 0.877344 0.560417 0.051562 0.079167
0 0.830469 0.718056 0.337500 0.258333
0 0.939062 0.570833 0.039063 0.044444
0 0.937500 0.926389 0.123438 0.147222
0 0.619141 0.815278 0.103906 0.216667
0 0.638672 0.971528 0.052344 0.040278
0 0.570703 0.951389 0.064844 0.097222
0 0.550781 0.829167 0.060938 0.136111
