0 0.650000 0.325000 0.123438 0.144444
0 0.716016 0.804167 0.085156 0.144444
0 0.416797 0.034028 0.116406 0.065278
0 0.437891 0.152778 0.102344 0.172222
0 0.463672 0.969444 0.086719 0.061111
0 0.015234 0.232639 0.005469 0.001389
0 0.075000 0.182639 0.146875 0.118056
0 0.570703 0.551389 0.153906 0.141667
0 0.702344 0.503472 0.114063 0.248611
0 0.775000 0.692361 0.079687 0.129167
0 0.791797 0.052778 0.196094 0.105556
0 0.969922 0.092361 0.058594 0.148611
0 0.939062 0.231250 0.120312 0.118056
0 0.921094 0.347222 0.150000 0.105556
0 0.901953 0.497917 0.097656 0.156944
0 0.980078 0.506250 0.038281 0.081944
0 0.822266 0.490278 0.099219 0.169444
0 0.846484 0.604861 0.116406 0.101389
0 0.884766 0.895833 0.228906 0.088889
0 0.938281 0.975000 0.121875 0.050000
0 0.829297 0.824306 0.138281 0.104167
0 0.885547 0.746528 0.133594 0.129167
0 0.974609 0.801389 0.049219 0.116667
0 0.953516 0.672917 0.091406 0.137500
0 0.362891 0.219444 0.089844 0.113889
0 0.532422 0.217361 0.125781 0.212500
0 0.510547 0.406250 0.055469 0.154167
0 0.448828 0.465278 0.080469 0.177778
0 0.400781 0.363889 0.120312 0.208333
0 0.501562 0.620139 0.101563 0.143056
0 0.307422 0.136806 0.080469 0.098611
0 0.286719 0.217361 0.098438 0.193056
0 0.178125 0.283333 0.200000 0.125000
0 0.105078 0.316667 0.210156 0.086111
0 0.023438 0.254861 0.046875 0.068056
0 0.162109 0.498611 0.324219 0.238889
0 0.123047 0.764583 0.246094 0.326389
0 0.016016 0.961111 0.032031 0.077778
0 0.085938 0.974306 0.109375 0.051389
0 0.295703 0.711111 0.113281 0.144444
0 0.356250 0.749306 0.079687 0.215278
0 0.385547 0.913889 0.053906 0.172222
0 0.297266 0.943056 0.116406 0.113889
0 0.283594 0.855556 0.079687 0.133333
