0 0.058594 0.537500 0.117188 0.219444
0 0.291016 0.307639 0.213281 0.206944
0 0.089062 0.286111 0.178125 0.175000
0 0.160547 0.426389 0.114844 0.116667
0 0.207031 0.613889 0.110937 0.216667
0 0.075781 0.802083 0.151562 0.159722
0 0.482812 0.304861 0.101563 0.162500
0 0.457812 0.482639 0.126563 0.156944
0 0.411719 0.615972 0.064062 0.120833
0 0.311719 0.591667 0.056250 0.111111
0 0.555469 0.417361 0.064062 0.109722
0 0.282422 0.915278 0.189844 0.158333
0 0.212500 0.805556 0.068750 0.105556
0 0.114453 0.916667 0.127344 0.166667
0 0.799609 0.136806 0.399219 0.256944
0 0.520312 0.074306 0.115625 0.137500
0 0.535156 0.205556 0.054688 0.094444
0 0.603516 0.237500 0.071094 0.080556
0 0.792578 0.661111 0.413281 0.677778
0 0.783203 0.288194 0.169531 0.081944
0 0.645703 0.305556 0.089844 0.061111
0 0.425391 0.823611 0.100781 0.158333
0 0.475391 0.932639 0.113281 0.134722
0 0.563672 0.893056 0.067969 0.191667
0 0.521875 0.602083 0.123438 0.101389
0 0.536719 0.724306 0.092188 0.143056
0 0.501953 0.820139 0.044531 0.062500
