0 0.410156 0.936806 0.046875 0.054167
0 0.447656 0.867361 0.023438 0.043056
0 0.451953 0.918750 0.028906 0.054167
0 0.016016 0.946528 0.032031 0.098611
0 0.423047 0.765972 0.028906 0.048611
0 0.391016 0.795139 0.017969 0.068056
0 0.339844 0.753472 0.090625 0.081944
0 0.900000 0.943056 0.200000 0.125000
0 0.661328 0.972917 0.052344 0.054167
0 0.707422 0.975000 0.027344 0.050000
0 0.718750 0.928472 0.026563 0.056944
0 0.750000 0.975000 0.040625 0.044444
0 0.544141 0.760417 0.003906 0.001389
0 0.533594 0.776389 0.028125 0.038889
0 0.502344 0.703472 0.032812 0.054167
0 0.249609 0.648611 0.005469 0.002778
0 0.311719 0.606944 0.015625 0.027778
0 0.244922 0.633333 0.111719 0.058333
0 0.166016 0.662500 0.042969 0.047222
0 0.454297 0.573611 0.138281 0.052778
0 0.417188 0.640972 0.020312 0.040278
0 0.450391 0.658333 0.053906 0.063889
0 0.455078 0.616667 0.017969 0.030556
0 0.514453 0.620139 0.071094 0.051389
0 0.514063 0.656250 0.031250 0.031944
0 0.480859 0.681944 0.025781 0.041667
0 0.553125 0.654861 0.042188 0.054167
0 0.548828 0.716667 0.042969 0.061111
0 0.574609 0.702778 0.016406 0.033333
0 0.610156 0.583333 0.167187 0.063889
0 0.589453 0.637500 0.032031 0.041667
0 0.594141 0.682639 0.028906 0.043056
0 0.601563 0.736111 0.045313 0.041667
0 0.670703 0.679167 0.141406 0.136111
0 0.633203 0.754861 0.049219 0.079167
0 0.679688 0.802083 0.043750 0.079167
0 0.722266 0.845833 0.042969 0.063889
0 0.651563 0.854861 0.060938 0.051389
0 0.700781 0.877778 0.035937 0.052778
0 0.870313 0.750000 0.257813 0.252778
0 0.733594 0.772222 0.065625 0.088889
0 0.114453 0.769444 0.105469 0.097222
0 0.042578 0.852083 0.083594 0.079167
0 0.162891 0.703472 0.035156 0.037500
0 0.231250 0.731944 0.125000 0.127778
0 0.311328 0.669444 0.035156 0.075000
0 0.355078 0.625694 0.053906 0.084722
0 0.384375 0.650694 0.028125 0.043056
0 0.373828 0.689583 0.071094 0.040278
0 0.424219 0.714583 0.028125 0.054167
