0 0.101563 0.231944 0.203125 0.186111
0 0.262109 0.323611 0.171094 0.147222
0 0.381250 0.290972 0.067188 0.109722
0 0.536328 0.491667 0.122656 0.102778
0 0.196484 0.692361 0.392969 0.615278
0 0.426562 0.677778 0.117188 0.155556
0 0.440625 0.902778 0.162500 0.194444
0 0.742578 0.784722 0.513281 0.430556
0 0.769922 0.489583 0.458594 0.151389
0 0.912891 0.240278 0.172656 0.086111
0 0.831641 0.340972 0.335156 0.137500
0 0.507422 0.319444 0.164844 0.130556
0 0.610547 0.284722 0.055469 0.122222
0 0.692969 0.289583 0.098438 0.115278
0 0.528125 0.386806 0.132813 0.106944
0 0.654688 0.393750 0.121875 0.073611
