0 0.303516 0.137500 0.121094 0.188889
0 0.068359 0.111806 0.136719 0.190278
0 0.562500 0.061806 0.109375 0.123611
0 0.891406 0.900000 0.193750 0.200000
0 0.945313 0.663194 0.107813 0.137500
0 0.901953 0.512500 0.194531 0.186111
0 0.466016 0.835417 0.136719 0.204167
0 0.122656 0.317361 0.245312 0.215278
0 0.181641 0.470833 0.360156 0.258333
0 0.377734 0.465278 0.197656 0.141667
0 0.341016 0.634028 0.342969 0.215278
0 0.717578 0.648611 0.139844 0.191667
0 0.667969 0.395833 0.220313 0.347222
0 0.786719 0.138194 0.200000 0.240278
0 0.944141 0.206250 0.110156 0.318056
