0 0.483594 0.884028 0.296875 0.231944
0 0.836719 0.474306 0.325000 0.887500
0 0.646093 0.498611 0.131250 0.211111
0 0.711328 0.809028 0.172656 0.381944
0 0.160547 0.115972 0.317969 0.229167
0 0.446875 0.057639 0.043750 0.115278
0 0.387109 0.106944 0.132031 0.122222
0 0.422656 0.187500 0.106250 0.097222
0 0.286719 0.189583 0.126563 0.143056
0 0.077734 0.350694 0.111719 0.154167
0 0.186719 0.367361 0.104687 0.165278
0 0.170703 0.262500 0.116406 0.072222
0 0.246094 0.315278 0.060938 0.122222
0 0.308984 0.554861 0.000781 0.001389
0 0.248047 0.497917 0.119531 0.115278
0 0.267188 0.570139 0.057813 0.081944
0 0.312891 0.620139 0.078906 0.065278
0 0.335156 0.727778 0.070313 0.150000
0 0.409766 0.747917 0.050781 0.098611
0 0.383203 0.625694 0.061719 0.190278
0 0.437109 0.574306 0.071094 0.098611
0 0.478125 0.679167 0.087500 0.197222
0 0.551562 0.693750 0.048437 0.179167
0 0.623828 0.689583 0.071094 0.154167
0 0.602344 0.145833 0.100000 0.127778
0 0.601172 0.231250 0.113281 0.070833
0 0.509766 0.207639 0.057031 0.195833
0 0.590625 0.346528 0.065625 0.176389
0 0.558984 0.359028 0.046094 0.137500
0 0.450391 0.288889 0.078906 0.091667
0 0.324609 0.327083 0.083594 0.109722
0 0.236328 0.384722 0.091406 0.063889
0 0.296875 0.425694 0.046875 0.098611
0 0.342969 0.447222 0.056250 0.105556
0 0.338281 0.546528 0.075000 0.056944
0 0.373828 0.334028 0.085156 0.212500
0 0.480469 0.384028 0.103125 0.101389
0 0.533594 0.494444 0.073437 0.166667
0 0.434375 0.484028 0.087500 0.101389
0 0.496094 0.513889 0.042188 0.150000
0 0.198437 0.631250 0.115625 0.154167
0 0.163281 0.729861 0.135937 0.134722
