0 0.377344 0.597222 0.025000 0.041667
0 0.465234 0.641667 0.025781 0.030556
0 0.487891 0.668056 0.035156 0.047222
0 0.488281 0.706944 0.034375 0.030556
0 0.248437 0.677083 0.042188 0.048611
0 0.339844 0.695833 0.071875 0.086111
0 0.940234 0.970139 0.060156 0.059722
0 0.030469 0.740278 0.051562 0.050000
0 0.014062 0.797222 0.028125 0.030556
0 0.039453 0.840972 0.067969 0.065278
0 0.019531 0.912500 0.039063 0.061111
0 0.025000 0.963194 0.050000 0.062500
0 0.182422 0.717361 0.000781 0.004167
0 0.707031 0.458333 0.096875 0.061111
0 0.891797 0.563194 0.024219 0.051389
0 0.689062 0.934028 0.393750 0.131944
0 0.621094 0.813194 0.207813 0.115278
0 0.665625 0.665972 0.225000 0.181944
0 0.029297 0.624306 0.058594 0.051389
0 0.037109 0.681944 0.074219 0.038889
0 0.197656 0.697917 0.042188 0.070833
0 0.522266 0.541667 0.033594 0.036111
0 0.257031 0.613194 0.082813 0.059722
0 0.119922 0.903472 0.125781 0.137500
0 0.118359 0.968750 0.049219 0.062500
0 0.265625 0.730556 0.085938 0.063889
0 0.216016 0.798611 0.089844 0.108333
0 0.129688 0.738194 0.079687 0.112500
0 0.077734 0.780556 0.063281 0.055556
0 0.666797 0.521528 0.022656 0.031944
0 0.599609 0.496528 0.108594 0.093056
0 0.591016 0.558333 0.124219 0.044444
0 0.548828 0.418750 0.082031 0.037500
0 0.518359 0.478472 0.060156 0.079167
0 0.094141 0.536806 0.072656 0.045833
0 0.058203 0.565972 0.038281 0.034722
0 0.080859 0.601389 0.049219 0.038889
0 0.108203 0.647917 0.096094 0.076389
0 0.171875 0.620139 0.031250 0.048611
0 0.178516 0.649306 0.049219 0.051389
0 0.298438 0.569444 0.056250 0.044444
0 0.180078 0.561111 0.155469 0.061111
0 0.202734 0.603472 0.024219 0.051389
0 0.318750 0.456250 0.342187 0.140278
0 0.456250 0.541667 0.076563 0.072222
0 0.394531 0.537500 0.059375 0.047222
0 0.342969 0.556250 0.034375 0.062500
0 0.270703 0.536806 0.022656 0.037500
0 0.071875 0.496528 0.143750 0.129167
