0 0.610937 0.961111 0.154687 0.077778
0 0.744922 0.757639 0.158594 0.484722
0 0.855859 0.568056 0.075781 0.111111
0 0.925000 0.690972 0.148438 0.218056
0 0.160156 0.268056 0.320313 0.536111
0 0.411719 0.250000 0.185937 0.483333
0 0.567578 0.116667 0.122656 0.233333
0 0.789063 0.058333 0.260938 0.116667
0 0.858594 0.150000 0.128125 0.102778
0 0.817578 0.264583 0.116406 0.115278
0 0.746875 0.202083 0.065625 0.081944
0 0.978125 0.096528 0.042188 0.181944
0 0.962891 0.365972 0.072656 0.326389
0 0.875391 0.402083 0.116406 0.234722
