0 0.965234 0.382639 0.067969 0.137500
0 0.801953 0.496528 0.078906 0.101389
0 0.457031 0.163194 0.095312 0.101389
0 0.333984 0.378472 0.097656 0.112500
0 0.331641 0.083333 0.208594 0.166667
0 0.189453 0.025000 0.075781 0.047222
0 0.074219 0.050694 0.118750 0.095833
0 0.184766 0.115278 0.121094 0.075000
0 0.177734 0.198611 0.086719 0.122222
0 0.055469 0.163194 0.093750 0.093056
0 0.105859 0.231944 0.086719 0.055556
0 0.041797 0.291667 0.083594 0.108333
0 0.075781 0.556250 0.098438 0.129167
0 0.569531 0.683333 0.079687 0.158333
0 0.838672 0.311806 0.092969 0.115278
0 0.778906 0.395833 0.075000 0.072222
0 0.677734 0.514583 0.064844 0.120833
0 0.703906 0.626389 0.139062 0.100000
0 0.990625 0.950694 0.017188 0.081944
0 0.880859 0.831944 0.236719 0.119444
0 0.908203 0.714583 0.125781 0.106944
0 0.814453 0.686111 0.097656 0.138889
0 0.725781 0.756250 0.096875 0.131944
0 0.453906 0.929861 0.187500 0.140278
0 0.201172 0.575694 0.161719 0.209722
0 0.517969 0.385417 0.100000 0.190278
0 0.578125 0.511806 0.128125 0.068056
0 0.633594 0.315972 0.120312 0.315278
0 0.760547 0.149306 0.146094 0.287500
0 0.062109 0.814583 0.124219 0.245833
0 0.478125 0.569444 0.089062 0.197222
0 0.390625 0.447222 0.089062 0.152778
0 0.328125 0.583333 0.087500 0.186111
0 0.439063 0.673611 0.110937 0.186111
0 0.198828 0.715278 0.142969 0.150000
0 0.150781 0.900000 0.212500 0.200000
0 0.325000 0.825694 0.132813 0.281944
