0 0.624609 0.673611 0.049219 0.066667
0 0.949609 0.490278 0.030469 0.055556
0 0.921484 0.554861 0.061719 0.062500
0 0.895703 0.440972 0.057031 0.076389
0 0.857813 0.354167 0.034375 0.075000
0 0.487891 0.454167 0.036719 0.086111
0 0.444141 0.745833 0.239844 0.166667
0 0.578906 0.743750 0.029687 0.059722
0 0.650391 0.277083 0.022656 0.081944
0 0.611719 0.236111 0.035937 0.055556
0 0.623438 0.293750 0.026563 0.051389
0 0.320313 0.560417 0.040625 0.040278
0 0.542188 0.478472 0.039063 0.090278
0 0.552344 0.413194 0.037500 0.037500
0 0.468750 0.212500 0.046875 0.097222
0 0.432422 0.518056 0.027344 0.055556
0 0.370313 0.336111 0.059375 0.058333
0 0.319141 0.378472 0.038281 0.084722
0 0.803125 0.572917 0.175000 0.198611
0 0.643750 0.159722 0.053125 0.105556
0 0.678125 0.195833 0.028125 0.080556
0 0.737500 0.109722 0.040625 0.058333
0 0.273047 0.567361 0.032031 0.065278
0 0.419141 0.554861 0.047656 0.051389
0 0.228906 0.206944 0.034375 0.052778
0 0.253125 0.666667 0.057813 0.100000
0 0.141016 0.062500 0.077344 0.097222
0 0.036719 0.034722 0.073437 0.063889
0 0.284766 0.156250 0.057031 0.093056
0 0.296484 0.245833 0.063281 0.083333
0 0.340625 0.230556 0.020312 0.055556
0 0.367969 0.211806 0.026563 0.043056
0 0.432031 0.345139 0.056250 0.131944
0 0.461719 0.348611 0.021875 0.052778
0 0.509766 0.265972 0.067969 0.070833
0 0.508594 0.322222 0.032812 0.069444
0 0.596094 0.027083 0.026563 0.051389
0 0.570313 0.132639 0.093750 0.104167
0 0.567187 0.041667 0.017188 0.044444
0 0.535156 0.058333 0.023438 0.036111
0 0.217578 0.131944 0.066406 0.080556
0 0.715625 0.046528 0.146875 0.068056
0 0.824609 0.010417 0.074219 0.018056
0 0.792188 0.083333 0.054688 0.086111
0 0.850391 0.076389 0.047656 0.091667
0 0.838281 0.176389 0.042188 0.097222
0 0.790625 0.199306 0.051562 0.154167
0 0.733594 0.216667 0.071875 0.100000
0 0.800391 0.340278 0.066406 0.102778
0 0.735156 0.331250 0.098438 0.131944
0 0.742578 0.434722 0.050781 0.050000
0 0.663281 0.363194 0.048437 0.068056
0 0.619531 0.393750 0.084375 0.029167
0 0.688672 0.506944 0.039844 0.058333
0 0.657422 0.447222 0.038281 0.077778
0 0.608203 0.455556 0.055469 0.080556
0 0.589063 0.547917 0.078125 0.115278
0 0.563281 0.320139 0.073437 0.112500
0 0.366797 0.503472 0.089844 0.062500
0 0.305078 0.470833 0.108594 0.119444
0 0.244531 0.727083 0.042188 0.034722
0 0.229687 0.284028 0.029687 0.081944
0 0.111719 0.565278 0.223438 0.436111
0 0.105859 0.305556 0.211719 0.091667
0 0.100000 0.214583 0.200000 0.079167
0 0.159766 0.142361 0.060156 0.070833
0 0.062109 0.147222 0.124219 0.063889
0 0.043359 0.093750 0.086719 0.056944
