0 0.945703 0.061806 0.107031 0.123611
0 0.153906 0.088194 0.307813 0.151389
0 0.207813 0.302083 0.246875 0.165278
0 0.383984 0.131250 0.108594 0.201389
0 0.323047 0.614583 0.264844 0.512500
0 0.535547 0.070139 0.178906 0.140278
0 0.826953 0.279167 0.274219 0.327778
0 0.946484 0.397222 0.105469 0.097222
0 0.899219 0.481250 0.100000 0.062500
0 0.537500 0.438194 0.167187 0.554167
0 0.422266 0.295139 0.060156 0.123611
0 0.747656 0.052083 0.242188 0.101389
0 0.811328 0.783333 0.375781 0.427778
0 0.538281 0.856250 0.165625 0.287500
0 0.406641 0.932639 0.085156 0.134722
0 0.749219 0.518056 0.192188 0.127778
0 0.658594 0.381944 0.059375 0.177778
