0 0.332031 0.064583 0.170312 0.129167
0 0.064453 0.190972 0.128906 0.284722
0 0.041016 0.744444 0.082031 0.297222
0 0.180469 0.401389 0.087500 0.202778
0 0.127344 0.553472 0.137500 0.112500
0 0.142578 0.670139 0.108594 0.137500
0 0.148047 0.922917 0.113281 0.154167
0 0.306250 0.966667 0.135937 0.066667
0 0.539844 0.259028 0.106250 0.131944
0 0.691016 0.532639 0.310156 0.087500
0 0.351172 0.767361 0.132031 0.201389
0 0.531250 0.473611 0.096875 0.091667
0 0.474609 0.515278 0.063281 0.152778
0 0.344141 0.416667 0.232031 0.241667
0 0.303516 0.620833 0.192969 0.200000
0 0.401563 0.895833 0.093750 0.202778
0 0.473828 0.716667 0.096094 0.250000
0 0.565625 0.659028 0.098438 0.156944
0 0.764063 0.656944 0.142188 0.163889
0 0.655859 0.665278 0.103906 0.130556
0 0.771875 0.756250 0.129688 0.081944
0 0.565234 0.784028 0.105469 0.118056
0 0.496094 0.876389 0.073437 0.077778
0 0.479297 0.950000 0.083594 0.100000
0 0.626172 0.847917 0.117969 0.137500
0 0.605859 0.947222 0.074219 0.105556
0 0.548437 0.957639 0.050000 0.084722
0 0.685547 0.770139 0.072656 0.120833
0 0.635938 0.761806 0.050000 0.062500
0 0.615625 0.090972 0.134375 0.176389
0 0.848828 0.171528 0.303906 0.454167
0 0.675000 0.242361 0.054688 0.148611
0 0.610547 0.236806 0.053906 0.079167
0 0.630078 0.302778 0.086719 0.041667
0 0.644141 0.407639 0.060156 0.109722
0 0.684766 0.397917 0.060156 0.162500
0 0.729688 0.468750 0.056250 0.056944
0 0.615625 0.462500 0.065625 0.097222
0 0.834375 0.447917 0.221875 0.131944
