0 0.069531 0.608333 0.139062 0.266667
0 0.120312 0.874306 0.240625 0.229167
0 0.308203 0.871528 0.142969 0.256944
0 0.480078 0.848611 0.210156 0.213889
0 0.732813 0.740278 0.204688 0.361111
0 0.780859 0.940972 0.132031 0.118056
0 0.899609 0.866667 0.199219 0.261111
0 0.211719 0.097917 0.164063 0.162500
0 0.134375 0.344444 0.112500 0.280556
0 0.057422 0.184722 0.114844 0.300000
0 0.458203 0.107639 0.275781 0.098611
0 0.428516 0.285417 0.149219 0.245833
0 0.600000 0.530556 0.142188 0.183333
0 0.291797 0.395139 0.113281 0.151389
0 0.396094 0.580556 0.264062 0.322222
