0 0.334766 0.419444 0.142969 0.302778
0 0.157031 0.272222 0.290625 0.486111
0 0.119141 0.597917 0.177344 0.168056
0 0.333594 0.640278 0.132813 0.150000
0 0.129688 0.797917 0.259375 0.154167
0 0.253906 0.908333 0.168750 0.183333
0 0.368750 0.929861 0.082813 0.140278
0 0.474219 0.693056 0.109375 0.161111
0 0.612109 0.763889 0.160156 0.188889
0 0.557031 0.927083 0.100000 0.145833
0 0.678125 0.925694 0.101563 0.148611
0 0.857031 0.799306 0.284375 0.401389
0 0.842578 0.118056 0.125781 0.225000
0 0.800391 0.404861 0.177344 0.276389
0 0.769141 0.091667 0.000781 0.183333
0 0.702344 0.158333 0.135937 0.269444
0 0.570703 0.133333 0.075781 0.227778
0 0.463281 0.142361 0.125000 0.273611
0 0.556641 0.462500 0.266406 0.327778
