0 0.490234 0.807639 0.083594 0.173611
0 0.417188 0.881250 0.053125 0.181944
0 0.394141 0.737500 0.050781 0.163889
0 0.333203 0.836806 0.061719 0.126389
0 0.376953 0.254861 0.055469 0.162500
0 0.302344 0.624306 0.114063 0.156944
0 0.351953 0.514583 0.110156 0.109722
0 0.255859 0.513889 0.071094 0.116667
0 0.228125 0.447917 0.095312 0.098611
0 0.177344 0.343056 0.115625 0.130556
0 0.245312 0.284722 0.175000 0.122222
0 0.318750 0.212500 0.059375 0.102778
0 0.278516 0.149306 0.136719 0.104167
0 0.453516 0.422222 0.088281 0.147222
0 0.432813 0.590278 0.070313 0.130556
0 0.501562 0.556944 0.082813 0.122222
0 0.534766 0.615972 0.099219 0.079167
0 0.928125 0.917361 0.142188 0.165278
0 0.966406 0.702778 0.065625 0.100000
0 0.978125 0.790972 0.042188 0.073611
0 0.767969 0.948611 0.184375 0.102778
0 0.644141 0.963889 0.057031 0.072222
0 0.538672 0.949306 0.139844 0.101389
0 0.671094 0.652778 0.059375 0.119444
0 0.605859 0.800000 0.133594 0.236111
0 0.427734 0.118750 0.219531 0.215278
0 0.492188 0.262500 0.067188 0.119444
0 0.557813 0.463889 0.095312 0.177778
0 0.903906 0.349306 0.190625 0.695833
0 0.843359 0.772917 0.080469 0.059722
0 0.787500 0.847222 0.164063 0.088889
0 0.780078 0.617361 0.058594 0.118056
0 0.853516 0.719444 0.119531 0.066667
0 0.730469 0.737500 0.081250 0.152778
0 0.674219 0.186111 0.268750 0.366667
0 0.705469 0.472222 0.212500 0.172222
