0 0.760547 0.764583 0.105469 0.206944
0 0.650000 0.778472 0.084375 0.206944
0 0.580859 0.783333 0.057031 0.172222
0 0.501953 0.370833 0.071094 0.080556
0 0.519531 0.447222 0.043750 0.063889
0 0.774609 0.476389 0.449219 0.272222
0 0.918750 0.653472 0.160938 0.084722
0 0.952344 0.795833 0.093750 0.158333
0 0.957031 0.961806 0.084375 0.076389
0 0.026172 0.254861 0.052344 0.118056
0 0.278516 0.280556 0.325781 0.386111
0 0.061719 0.397222 0.123438 0.116667
0 0.073437 0.588194 0.076563 0.129167
0 0.037500 0.687500 0.075000 0.138889
0 0.177344 0.736111 0.146875 0.219444
0 0.060547 0.863889 0.121094 0.172222
0 0.267188 0.843750 0.081250 0.095833
0 0.242969 0.958333 0.195313 0.083333
0 0.113281 0.975694 0.062500 0.048611
0 0.613672 0.923611 0.197656 0.152778
0 0.458594 0.938194 0.139062 0.123611
0 0.400391 0.802778 0.189844 0.311111
