0 0.421094 0.824306 0.067188 0.187500
0 0.532031 0.550694 0.029687 0.087500
0 0.176563 0.061806 0.131250 0.118056
0 0.135547 0.158333 0.111719 0.108333
0 0.212109 0.204167 0.050781 0.041667
0 0.175781 0.281944 0.085938 0.127778
0 0.232031 0.381250 0.114063 0.106944
0 0.326562 0.359028 0.085938 0.101389
0 0.297656 0.250694 0.123438 0.134722
0 0.200781 0.873611 0.356250 0.252778
0 0.279297 0.572917 0.100781 0.165278
0 0.378125 0.639583 0.178125 0.215278
0 0.405078 0.093056 0.316406 0.183333
0 0.470313 0.266667 0.200000 0.183333
0 0.446484 0.441667 0.241406 0.166667
0 0.626172 0.361111 0.191406 0.716667
0 0.570703 0.841667 0.208594 0.255556
