0 0.754687 0.808333 0.276563 0.291667
0 0.550391 0.609722 0.127344 0.213889
0 0.084375 0.293750 0.168750 0.104167
0 0.964453 0.502083 0.069531 0.137500
0 0.850781 0.575694 0.159375 0.229167
0 0.276172 0.283333 0.214844 0.088889
0 0.441406 0.290278 0.126563 0.075000
0 0.276172 0.430556 0.060156 0.083333
0 0.423438 0.408333 0.098438 0.086111
0 0.558594 0.441667 0.176563 0.100000
0 0.460156 0.512500 0.079687 0.136111
0 0.369922 0.566667 0.172656 0.144444
0 0.350781 0.465278 0.084375 0.097222
0 0.685547 0.465972 0.077344 0.079167
0 0.102734 0.679861 0.205469 0.640278
0 0.271875 0.688889 0.135937 0.200000
0 0.242969 0.563194 0.078125 0.062500
0 0.220313 0.500694 0.031250 0.070833
0 0.564844 0.271528 0.117188 0.090278
0 0.810156 0.288889 0.378125 0.111111
0 0.951563 0.363889 0.084375 0.061111
0 0.866797 0.447222 0.100781 0.097222
0 0.774219 0.452083 0.081250 0.120833
0 0.829687 0.372917 0.153125 0.051389
0 0.572266 0.312500 0.035156 0.094444
0 0.536328 0.348611 0.036719 0.061111
0 0.645312 0.374306 0.170312 0.056944
0 0.738281 0.395139 0.029687 0.048611
