0 0.783203 0.039583 0.105469 0.073611
0 0.928906 0.136806 0.140625 0.270833
0 0.283984 0.273611 0.164844 0.177778
0 0.480859 0.197917 0.096094 0.206944
0 0.392969 0.201389 0.118750 0.188889
0 0.414063 0.421528 0.096875 0.265278
0 0.300391 0.506944 0.142969 0.194444
0 0.603516 0.147917 0.150781 0.256944
0 0.121484 0.418056 0.150781 0.158333
0 0.016797 0.561111 0.033594 0.108333
0 0.108594 0.562500 0.143750 0.119444
0 0.026172 0.657639 0.052344 0.070833
0 0.218359 0.648611 0.053906 0.063889
0 0.094531 0.718750 0.189063 0.165278
0 0.244141 0.777778 0.108594 0.130556
0 0.090234 0.909722 0.180469 0.180556
0 0.199609 0.952778 0.057031 0.094444
0 0.872266 0.328472 0.253906 0.126389
0 0.800391 0.252083 0.210156 0.131944
0 0.630078 0.336111 0.189844 0.161111
0 0.800000 0.688889 0.398438 0.602778
0 0.603125 0.564583 0.054688 0.101389
0 0.581250 0.712500 0.096875 0.188889
0 0.378125 0.708333 0.067188 0.127778
0 0.414063 0.889583 0.376563 0.209722
