0 0.714844 0.838194 0.107813 0.234722
0 0.938672 0.378472 0.121094 0.109722
0 0.958594 0.499306 0.081250 0.134722
0 0.844141 0.568056 0.182031 0.166667
0 0.620703 0.709722 0.146094 0.263889
0 0.765625 0.125000 0.132813 0.105556
0 0.764453 0.227083 0.099219 0.126389
0 0.539063 0.467361 0.260938 0.520833
0 0.446875 0.862500 0.162500 0.275000
0 0.366016 0.631250 0.067969 0.187500
0 0.410156 0.746528 0.103125 0.140278
0 0.311719 0.869444 0.085938 0.241667
0 0.229687 0.392361 0.459375 0.759722
0 0.166406 0.829167 0.079687 0.102778
0 0.694141 0.270139 0.077344 0.143056
0 0.720312 0.405556 0.096875 0.113889
0 0.828125 0.300000 0.123438 0.152778
0 0.770312 0.463889 0.137500 0.180556
