0 0.677734 0.749306 0.196094 0.312500
0 0.291016 0.935417 0.097656 0.129167
0 0.267969 0.109028 0.079687 0.168056
0 0.622266 0.103472 0.144531 0.206944
0 0.446094 0.235417 0.187500 0.356944
0 0.122656 0.746528 0.226563 0.156944
0 0.298828 0.770833 0.117969 0.177778
0 0.255859 0.311806 0.182031 0.184722
0 0.291016 0.441667 0.114844 0.072222
0 0.092578 0.313194 0.124219 0.223611
0 0.177734 0.074306 0.113281 0.137500
0 0.076172 0.138194 0.152344 0.270833
0 0.141797 0.575694 0.132031 0.129167
0 0.066406 0.498611 0.132813 0.169444
0 0.254297 0.591667 0.117969 0.130556
0 0.359766 0.572222 0.103906 0.150000
0 0.525000 0.733333 0.095312 0.241667
0 0.534375 0.425694 0.176563 0.259722
0 0.437109 0.655556 0.139844 0.230556
0 0.420312 0.901389 0.156250 0.197222
