0 0.646875 0.115972 0.096875 0.129167
0 0.951563 0.275000 0.095312 0.238889
0 0.941797 0.531250 0.114844 0.243056
0 0.221484 0.140278 0.357031 0.275000
0 0.114453 0.382639 0.152344 0.179167
0 0.283203 0.354861 0.164844 0.231944
0 0.508203 0.236806 0.216406 0.243056
0 0.360156 0.499306 0.206250 0.348611
0 0.339063 0.825694 0.150000 0.298611
0 0.830469 0.327083 0.150000 0.084722
0 0.881641 0.792361 0.235156 0.406944
0 0.788672 0.423611 0.171094 0.077778
0 0.780469 0.520139 0.120312 0.131944
0 0.692187 0.387500 0.067188 0.172222
0 0.603516 0.352083 0.107031 0.137500
0 0.588281 0.693056 0.346875 0.613889
