0 0.089453 0.274306 0.178906 0.279167
0 0.208594 0.143056 0.246875 0.283333
0 0.055078 0.893750 0.110156 0.212500
0 0.110937 0.711806 0.221875 0.306944
0 0.416016 0.810417 0.477344 0.379167
0 0.465234 0.306250 0.458594 0.609722
0 0.697266 0.656250 0.092969 0.081944
0 0.687500 0.842361 0.057813 0.120833
0 0.732813 0.173611 0.075000 0.127778
0 0.710156 0.049306 0.060938 0.098611
0 0.724219 0.323611 0.079687 0.111111
0 0.726172 0.459722 0.091406 0.150000
0 0.907422 0.162500 0.183594 0.322222
0 0.842578 0.653472 0.313281 0.693056
0 0.776953 0.010417 0.060156 0.056944
