0 0.575000 0.354861 0.095312 0.190278
0 0.532031 0.494444 0.090625 0.177778
0 0.117578 0.797917 0.235156 0.404167
0 0.212891 0.461806 0.135156 0.220833
0 0.375000 0.409722 0.201562 0.202778
0 0.387500 0.610417 0.179688 0.198611
0 0.873438 0.159028 0.206250 0.237500
0 0.929688 0.329167 0.139062 0.102778
0 0.950781 0.450694 0.096875 0.104167
0 0.791406 0.325000 0.110937 0.133333
0 0.817969 0.475694 0.128125 0.154167
0 0.700391 0.568750 0.088281 0.190278
0 0.613672 0.593056 0.100781 0.355556
0 0.892578 0.543750 0.099219 0.115278
0 0.860156 0.790278 0.278125 0.419444
0 0.681250 0.882639 0.107813 0.109722
0 0.596484 0.905556 0.142969 0.188889
0 0.482422 0.935417 0.136719 0.129167
0 0.389453 0.910417 0.060156 0.134722
0 0.489062 0.758333 0.150000 0.233333
0 0.297266 0.852083 0.119531 0.295833
