0 0.566016 0.640278 0.038281 0.044444
0 0.511328 0.645139 0.035156 0.043056
0 0.671484 0.573611 0.041406 0.036111
0 0.192188 0.538889 0.020312 0.038889
0 0.195313 0.582639 0.028125 0.037500
0 0.017969 0.695139 0.035937 0.051389
0 0.924609 0.706944 0.046094 0.075000
0 0.010156 0.770139 0.020312 0.054167
0 0.158203 0.811806 0.316406 0.376389
0 0.167969 0.587500 0.025000 0.047222
0 0.111719 0.610417 0.067188 0.034722
0 0.542969 0.544444 0.037500 0.038889
0 0.244531 0.511111 0.082813 0.088889
0 0.355469 0.475000 0.134375 0.108333
0 0.470313 0.524306 0.095312 0.043056
0 0.508984 0.560417 0.033594 0.040278
0 0.364844 0.770139 0.109375 0.226389
0 0.844141 0.653472 0.121094 0.073611
0 0.899219 0.625694 0.129688 0.112500
0 0.886328 0.530556 0.225781 0.283333
0 0.566016 0.409722 0.103906 0.047222
0 0.447266 0.431944 0.032031 0.033333
0 0.541406 0.454167 0.025000 0.038889
0 0.628125 0.515278 0.039063 0.041667
0 0.688672 0.537500 0.057031 0.069444
0 0.742969 0.531944 0.043750 0.086111
0 0.742578 0.462500 0.061719 0.063889
0 0.726953 0.418056 0.071094 0.063889
0 0.658594 0.462500 0.109375 0.069444
0 0.580859 0.470139 0.060156 0.087500
0 0.483203 0.461111 0.057031 0.094444
0 0.437109 0.472917 0.030469 0.048611
0 0.534375 0.500000 0.032812 0.052778
0 0.611328 0.851389 0.378906 0.297222
0 0.845703 0.856250 0.307031 0.287500
1 0.894531 0.080556 0.045313 0.047222
