0 0.288281 0.756250 0.476563 0.487500
0 0.819531 0.888194 0.165625 0.276389
0 0.914063 0.340278 0.157813 0.188889
0 0.952734 0.504861 0.092969 0.140278
0 0.108594 0.161111 0.207813 0.161111
0 0.158594 0.247222 0.223438 0.102778
0 0.039063 0.314583 0.071875 0.095833
0 0.217969 0.318056 0.209375 0.125000
0 0.412109 0.365278 0.213281 0.119444
0 0.372656 0.239583 0.195313 0.131944
0 0.641406 0.432639 0.226563 0.237500
0 0.700781 0.277083 0.132813 0.101389
0 0.603125 0.211111 0.181250 0.136111
0 0.434766 0.132639 0.183594 0.131944
0 0.560156 0.111806 0.042188 0.079167
0 0.678125 0.100000 0.181250 0.105556
0 0.882031 0.084028 0.206250 0.095833
0 0.854688 0.182639 0.159375 0.070833
0 0.968750 0.183333 0.060938 0.097222
0 0.771875 0.219444 0.112500 0.083333
0 0.339844 0.518750 0.160938 0.209722
