0 0.754297 0.667361 0.039844 0.090278
0 0.978906 0.809028 0.040625 0.118056
0 0.972656 0.906944 0.053125 0.050000
0 0.568750 0.064583 0.046875 0.095833
0 0.376172 0.063194 0.036719 0.098611
0 0.513672 0.110417 0.052344 0.045833
0 0.439453 0.069444 0.055469 0.116667
0 0.222656 0.079861 0.181250 0.106944
0 0.027734 0.045139 0.055469 0.073611
0 0.778125 0.034722 0.084375 0.069444
0 0.696094 0.018750 0.042188 0.037500
0 0.710156 0.074306 0.034375 0.076389
0 0.677734 0.126389 0.055469 0.069444
0 0.703125 0.168750 0.043750 0.056944
0 0.032422 0.357639 0.064844 0.268056
0 0.105859 0.099306 0.050781 0.059722
0 0.096875 0.168750 0.184375 0.126389
0 0.105469 0.294444 0.087500 0.127778
0 0.225391 0.331944 0.155469 0.175000
0 0.325391 0.456250 0.082031 0.112500
0 0.273828 0.192361 0.167969 0.126389
0 0.329297 0.316667 0.058594 0.125000
0 0.868750 0.409722 0.260938 0.325000
0 0.850000 0.197917 0.050000 0.079167
0 0.892578 0.182639 0.063281 0.120833
0 0.964453 0.136806 0.069531 0.204167
0 0.914063 0.120833 0.040625 0.044444
0 0.616797 0.287500 0.032031 0.047222
0 0.689844 0.497917 0.026563 0.034722
0 0.648438 0.593056 0.020312 0.044444
0 0.403906 0.352778 0.142188 0.161111
0 0.485938 0.304861 0.026563 0.062500
0 0.494531 0.408333 0.021875 0.058333
0 0.753906 0.218056 0.034375 0.061111
0 0.655859 0.238889 0.091406 0.119444
0 0.708984 0.269444 0.052344 0.097222
0 0.673828 0.349306 0.096094 0.101389
0 0.698828 0.425000 0.058594 0.100000
0 0.666016 0.468056 0.067969 0.086111
0 0.656250 0.528472 0.050000 0.062500
0 0.434766 0.553472 0.141406 0.237500
0 0.512500 0.622222 0.071875 0.169444
0 0.603906 0.573611 0.056250 0.108333
0 0.541016 0.410417 0.099219 0.298611
0 0.601953 0.350000 0.041406 0.086111
0 0.609766 0.454167 0.041406 0.108333
0 0.432422 0.193750 0.142969 0.140278
0 0.523828 0.176389 0.053906 0.097222
0 0.569922 0.226389 0.035156 0.066667
