0 0.946094 0.675000 0.106250 0.241667
0 0.932813 0.445833 0.132813 0.194444
0 0.887891 0.170139 0.222656 0.340278
0 0.720312 0.431944 0.284375 0.288889
0 0.717578 0.654861 0.152344 0.234722
0 0.739062 0.948611 0.115625 0.102778
0 0.610156 0.161111 0.109375 0.294444
0 0.462500 0.215278 0.168750 0.316667
0 0.213281 0.511806 0.426562 0.976389
0 0.414453 0.510417 0.111719 0.109722
0 0.508984 0.606250 0.142969 0.159722
0 0.514063 0.750000 0.082813 0.105556
0 0.621094 0.687500 0.057813 0.086111
0 0.459766 0.961806 0.060156 0.076389
0 0.458984 0.809028 0.092969 0.198611
0 0.568750 0.928472 0.126563 0.143056
0 0.625391 0.846528 0.133594 0.262500
