0 0.969141 0.772917 0.060156 0.112500
0 0.514063 0.871528 0.042188 0.073611
0 0.414453 0.717361 0.025781 0.051389
0 0.392188 0.863889 0.050000 0.066667
0 0.449609 0.931944 0.042969 0.136111
0 0.560156 0.977083 0.029687 0.045833
0 0.646094 0.930556 0.025000 0.063889
0 0.668359 0.979167 0.038281 0.036111
0 0.921484 0.840278 0.033594 0.058333
0 0.827344 0.907639 0.053125 0.059722
0 0.856641 0.970139 0.138281 0.059722
0 0.913672 0.928472 0.072656 0.070833
0 0.972656 0.972222 0.053125 0.055556
0 0.878906 0.826389 0.028125 0.041667
0 0.902344 0.870139 0.037500 0.056944
0 0.948047 0.912500 0.036719 0.052778
0 0.875391 0.706250 0.030469 0.051389
0 0.825781 0.826389 0.056250 0.066667
0 0.757813 0.851389 0.057813 0.075000
0 0.707812 0.929167 0.076563 0.080556
0 0.698438 0.861111 0.082813 0.077778
0 0.698828 0.814583 0.033594 0.043056
0 0.626953 0.769444 0.021094 0.030556
0 0.651563 0.759028 0.023438 0.045833
0 0.675391 0.756250 0.019531 0.040278
0 0.694531 0.720139 0.057813 0.081944
0 0.670313 0.674306 0.023438 0.034722
0 0.648438 0.688889 0.017188 0.041667
0 0.573438 0.662500 0.028125 0.033333
0 0.553125 0.685417 0.040625 0.054167
0 0.602344 0.697222 0.053125 0.058333
0 0.783203 0.726389 0.030469 0.044444
0 0.827344 0.749306 0.025000 0.034722
0 0.798828 0.769444 0.046094 0.041667
0 0.754687 0.790972 0.084375 0.051389
0 0.362500 0.977778 0.048437 0.044444
0 0.305469 0.963889 0.048437 0.072222
0 0.709375 0.575000 0.026563 0.052778
0 0.774609 0.613194 0.100781 0.076389
0 0.817969 0.701389 0.090625 0.075000
0 0.743750 0.686111 0.059375 0.088889
0 0.712109 0.620139 0.028906 0.037500
0 0.696484 0.656250 0.025781 0.045833
0 0.642969 0.615972 0.100000 0.101389
0 0.452734 0.564583 0.019531 0.037500
0 0.567187 0.601389 0.050000 0.050000
0 0.510938 0.641667 0.020312 0.030556
0 0.383203 0.671528 0.025781 0.037500
0 0.403516 0.657639 0.032031 0.034722
0 0.381641 0.752083 0.033594 0.031944
0 0.374219 0.781250 0.035937 0.043056
0 0.492578 0.596528 0.099219 0.059722
0 0.469531 0.645139 0.018750 0.034722
0 0.355469 0.689583 0.040625 0.073611
0 0.274219 0.608333 0.350000 0.094444
0 0.366406 0.829167 0.021875 0.047222
0 0.201953 0.963889 0.061719 0.072222
0 0.250781 0.949306 0.034375 0.051389
0 0.265625 0.981944 0.018750 0.036111
0 0.252344 0.700000 0.170312 0.086111
0 0.239844 0.804167 0.231250 0.141667
0 0.062109 0.856944 0.124219 0.150000
0 0.299219 0.897222 0.050000 0.041667
0 0.201953 0.886111 0.153906 0.097222
0 0.085547 0.958333 0.169531 0.083333
