0 0.055078 0.827083 0.110156 0.181944
0 0.184375 0.865278 0.139062 0.269444
0 0.786328 0.831944 0.378906 0.336111
0 0.710547 0.055556 0.000781 0.083333
0 0.787500 0.043750 0.151562 0.084722
0 0.357031 0.716667 0.093750 0.122222
0 0.410156 0.902778 0.085938 0.194444
0 0.303516 0.961111 0.074219 0.077778
0 0.550391 0.533333 0.077344 0.197222
0 0.205469 0.044444 0.156250 0.088889
0 0.058594 0.111111 0.117188 0.216667
0 0.077734 0.272222 0.155469 0.127778
0 0.083203 0.400694 0.166406 0.109722
0 0.035156 0.616667 0.070313 0.127778
0 0.076172 0.484028 0.152344 0.106944
0 0.182031 0.543750 0.071875 0.109722
0 0.229297 0.575000 0.083594 0.177778
0 0.436719 0.519444 0.067188 0.091667
0 0.370313 0.605556 0.095312 0.138889
0 0.497656 0.436111 0.103125 0.158333
0 0.438281 0.059722 0.190625 0.113889
0 0.557422 0.184028 0.199219 0.131944
0 0.540234 0.304861 0.178906 0.120833
0 0.346094 0.175694 0.162500 0.131944
0 0.183984 0.136111 0.089844 0.083333
0 0.212891 0.238889 0.136719 0.108333
0 0.215234 0.378472 0.100781 0.179167
0 0.311719 0.411806 0.101563 0.109722
0 0.370703 0.342361 0.153906 0.184722
0 0.348828 0.518056 0.146094 0.194444
0 0.793750 0.456944 0.139062 0.136111
0 0.828516 0.568750 0.105469 0.126389
0 0.884766 0.254167 0.228906 0.247222
0 0.936328 0.456944 0.122656 0.125000
0 0.978516 0.543750 0.041406 0.056944
