1 0.666797 0.015278 0.014844 0.025000
1 0.653516 0.089583 0.010156 0.020833
1 0.675781 0.176389 0.012500 0.022222
1 0.672266 0.206944 0.014844 0.036111
1 0.684766 0.318056 0.010156 0.019444
1 0.697656 0.355556 0.015625 0.022222
1 0.568750 0.024306 0.015625 0.029167
1 0.600391 0.006944 0.016406 0.013889
1 0.602344 0.025694 0.018750 0.031944
1 0.624219 0.079861 0.014062 0.026389
1 0.604688 0.058333 0.010937 0.030556
1 0.594922 0.077083 0.010156 0.023611
1 0.631250 0.176389 0.014062 0.030556
1 0.641016 0.235417 0.010156 0.026389
1 0.582422 0.137500 0.016406 0.038889
1 0.478906 0.083333 0.010937 0.025000
1 0.497656 0.100694 0.017188 0.026389
1 0.503125 0.131944 0.012500 0.027778
1 0.516406 0.150000 0.014062 0.022222
1 0.449609 0.102083 0.013281 0.029167
1 0.466016 0.140972 0.014844 0.018056
1 0.468750 0.159028 0.020312 0.018056
1 0.468359 0.174306 0.011719 0.018056
1 0.485547 0.184028 0.010156 0.023611
1 0.559375 0.207639 0.014062 0.029167
1 0.535156 0.210417 0.017188 0.018056
1 0.523438 0.188889 0.010937 0.016667
1 0.494141 0.200694 0.013281 0.029167
1 0.509766 0.206250 0.008594 0.026389
1 0.616016 0.265972 0.011719 0.029167
1 0.569531 0.219444 0.012500 0.027778
1 0.576563 0.254167 0.010937 0.027778
1 0.595703 0.275694 0.011719 0.020833
1 0.607813 0.290972 0.014062 0.020833
1 0.637500 0.297222 0.018750 0.016667
1 0.621875 0.295139 0.017188 0.029167
1 0.618359 0.345139 0.011719 0.020833
1 0.617578 0.369444 0.011719 0.025000
1 0.638672 0.451389 0.013281 0.033333
1 0.576172 0.335417 0.019531 0.023611
1 0.267578 0.077778 0.017969 0.033333
1 0.333984 0.138194 0.013281 0.018056
1 0.339063 0.179861 0.012500 0.026389
1 0.378125 0.205556 0.015625 0.036111
1 0.356250 0.196528 0.015625 0.031944
1 0.426953 0.185417 0.017969 0.020833
1 0.417578 0.202778 0.017969 0.027778
1 0.470313 0.203472 0.012500 0.029167
1 0.452344 0.263889 0.018750 0.025000
1 0.496484 0.247917 0.021094 0.034722
1 0.519922 0.238889 0.016406 0.038889
1 0.581250 0.287500 0.010937 0.027778
1 0.548437 0.274306 0.010937 0.029167
1 0.549609 0.290278 0.010156 0.016667
1 0.571094 0.307639 0.014062 0.020833
1 0.571875 0.278472 0.001563 0.004167
1 0.570313 0.272222 0.007813 0.019444
1 0.573047 0.368750 0.011719 0.023611
1 0.601172 0.402083 0.013281 0.023611
1 0.611719 0.432639 0.014062 0.029167
1 0.614062 0.481250 0.009375 0.029167
1 0.424609 0.277778 0.022656 0.022222
1 0.445313 0.305556 0.009375 0.030556
1 0.466406 0.312500 0.015625 0.016667
1 0.507031 0.304167 0.018750 0.027778
1 0.510156 0.332639 0.018750 0.015278
1 0.531250 0.318056 0.014062 0.030556
1 0.482031 0.267361 0.012500 0.026389
1 0.475000 0.289583 0.012500 0.026389
1 0.461719 0.293750 0.010937 0.020833
1 0.126563 0.058333 0.012500 0.025000
1 0.404687 0.247917 0.018750 0.029167
1 0.378906 0.240278 0.017188 0.016667
1 0.412500 0.303472 0.009375 0.023611
1 0.373047 0.279167 0.000781 0.005556
1 0.367188 0.287500 0.014062 0.013889
1 0.308984 0.209722 0.014844 0.030556
1 0.329688 0.204861 0.010937 0.020833
1 0.299609 0.225694 0.008594 0.026389
1 0.312109 0.237500 0.011719 0.027778
1 0.354297 0.267361 0.011719 0.018056
1 0.348828 0.275694 0.010156 0.029167
1 0.145703 0.068750 0.013281 0.023611
1 0.218359 0.048611 0.019531 0.033333
1 0.176563 0.034028 0.015625 0.031944
1 0.192969 0.015972 0.015625 0.031944
1 0.199219 0.042361 0.010937 0.034722
1 0.072266 0.087500 0.014844 0.027778
1 0.119141 0.087500 0.014844 0.019444
1 0.169922 0.088889 0.024219 0.041667
1 0.184375 0.091667 0.015625 0.025000
1 0.192578 0.114583 0.010156 0.029167
1 0.207813 0.087500 0.015625 0.027778
1 0.209375 0.101389 0.015625 0.016667
1 0.203516 0.116667 0.014844 0.016667
1 0.217187 0.122917 0.012500 0.029167
1 0.228125 0.137500 0.014062 0.027778
1 0.254297 0.112500 0.010156 0.025000
1 0.237500 0.156250 0.010937 0.023611
1 0.223047 0.167361 0.013281 0.018056
1 0.211719 0.179167 0.015625 0.022222
1 0.237109 0.197222 0.033594 0.041667
1 0.266797 0.206250 0.014844 0.023611
1 0.272266 0.222917 0.010156 0.015278
1 0.017188 0.094444 0.020312 0.041667
1 0.030078 0.127778 0.024219 0.033333
1 0.087500 0.122917 0.010937 0.031944
1 0.084766 0.171528 0.017969 0.034722
1 0.148438 0.119444 0.020312 0.025000
1 0.141016 0.129167 0.019531 0.027778
1 0.342969 0.413194 0.010937 0.051389
1 0.280469 0.320833 0.012500 0.022222
1 0.262891 0.258333 0.014844 0.022222
1 0.250391 0.271528 0.016406 0.020833
1 0.239063 0.277778 0.012500 0.033333
1 0.296094 0.381944 0.012500 0.030556
1 0.280469 0.406250 0.017188 0.034722
1 0.262109 0.422222 0.019531 0.025000
1 0.271484 0.449306 0.016406 0.026389
1 0.516016 0.400000 0.011719 0.030556
1 0.355859 0.333333 0.017969 0.027778
1 0.375781 0.341667 0.007813 0.030556
1 0.401953 0.341667 0.025781 0.027778
1 0.415625 0.368750 0.017188 0.023611
1 0.028906 0.175694 0.023438 0.023611
1 0.042969 0.206944 0.020312 0.019444
1 0.006250 0.279167 0.010937 0.033333
1 0.014844 0.181944 0.014062 0.030556
1 0.005859 0.195833 0.011719 0.019444
1 0.010547 0.430556 0.014844 0.030556
1 0.023047 0.272222 0.016406 0.022222
1 0.030078 0.290278 0.017969 0.027778
1 0.033203 0.318056 0.011719 0.036111
1 0.536328 0.557639 0.011719 0.029167
1 0.534375 0.410417 0.012500 0.029167
1 0.580859 0.436806 0.013281 0.023611
1 0.594922 0.454167 0.016406 0.025000
1 0.500000 0.431944 0.012500 0.025000
1 0.496484 0.468056 0.013281 0.030556
1 0.542188 0.427083 0.015625 0.026389
1 0.542188 0.464583 0.012500 0.023611
1 0.557422 0.454167 0.014844 0.027778
1 0.570703 0.476389 0.013281 0.016667
1 0.567969 0.485417 0.007813 0.029167
1 0.559375 0.491667 0.010937 0.027778
1 0.369141 0.365972 0.013281 0.023611
1 0.357422 0.393750 0.016406 0.023611
1 0.363281 0.404167 0.017188 0.025000
1 0.371094 0.427778 0.020312 0.030556
1 0.475000 0.388889 0.012500 0.030556
1 0.490625 0.403472 0.009375 0.029167
1 0.482422 0.403472 0.008594 0.020833
1 0.448047 0.413889 0.014844 0.019444
1 0.468750 0.413194 0.023438 0.029167
1 0.510156 0.536111 0.023438 0.038889
1 0.465234 0.490278 0.027344 0.038889
1 0.343750 0.568750 0.017188 0.026389
1 0.358594 0.582639 0.012500 0.020833
1 0.359766 0.459028 0.014844 0.020833
1 0.385547 0.459722 0.011719 0.030556
1 0.402734 0.471528 0.014844 0.020833
1 0.419531 0.485417 0.018750 0.029167
1 0.425000 0.505556 0.017188 0.025000
1 0.517969 0.452083 0.009375 0.023611
1 0.579687 0.505556 0.018750 0.027778
1 0.592188 0.496528 0.009375 0.020833
1 0.593359 0.521528 0.011719 0.020833
1 0.661328 0.447917 0.002344 0.001389
1 0.656250 0.458333 0.015625 0.022222
1 0.332422 0.409028 0.008594 0.020833
1 0.324219 0.426389 0.017188 0.030556
1 0.301953 0.458333 0.011719 0.022222
1 0.316406 0.453472 0.014062 0.034722
1 0.328906 0.465278 0.023438 0.036111
1 0.326562 0.484722 0.001563 0.002778
1 0.329297 0.489583 0.013281 0.020833
1 0.327344 0.504167 0.017188 0.022222
1 0.324219 0.524306 0.009375 0.020833
1 0.360938 0.527778 0.012500 0.025000
1 0.377344 0.520833 0.010937 0.025000
1 0.399609 0.502083 0.014844 0.023611
1 0.398828 0.525000 0.017969 0.022222
1 0.481641 0.545139 0.008594 0.026389
1 0.503125 0.570833 0.018750 0.027778
1 0.442969 0.556944 0.012500 0.022222
1 0.440234 0.573611 0.016406 0.019444
1 0.382422 0.568750 0.016406 0.020833
1 0.395312 0.578472 0.015625 0.026389
1 0.411719 0.566667 0.017188 0.025000
1 0.407422 0.616667 0.014844 0.025000
1 0.390625 0.614583 0.010937 0.018056
1 0.366016 0.619444 0.022656 0.027778
1 0.307422 0.528472 0.019531 0.040278
1 0.310156 0.605556 0.014062 0.030556
1 0.285937 0.560417 0.014062 0.020833
1 0.289453 0.588194 0.013281 0.023611
1 0.176172 0.177778 0.016406 0.033333
1 0.202734 0.214583 0.016406 0.023611
1 0.147656 0.192361 0.017188 0.026389
1 0.136719 0.170139 0.018750 0.023611
1 0.119922 0.165278 0.014844 0.027778
1 0.093359 0.202778 0.017969 0.025000
1 0.095312 0.218056 0.009375 0.027778
1 0.117969 0.202778 0.020312 0.013889
1 0.110547 0.219444 0.013281 0.033333
1 0.144531 0.215972 0.015625 0.026389
1 0.133594 0.236111 0.014062 0.019444
1 0.132031 0.249306 0.018750 0.026389
1 0.148828 0.268056 0.008594 0.016667
1 0.162109 0.251389 0.011719 0.036111
1 0.208984 0.245833 0.002344 0.002778
1 0.191797 0.234028 0.022656 0.023611
1 0.176172 0.259028 0.013281 0.026389
1 0.191406 0.254167 0.015625 0.027778
1 0.105469 0.172917 0.010937 0.020833
1 0.004297 0.134722 0.008594 0.022222
1 0.045313 0.289583 0.010937 0.026389
1 0.058984 0.321528 0.013281 0.034722
1 0.041797 0.381250 0.019531 0.048611
1 0.036719 0.429167 0.017188 0.022222
1 0.074609 0.426389 0.024219 0.044444
1 0.057422 0.435417 0.011719 0.029167
1 0.104297 0.264583 0.014844 0.051389
1 0.125000 0.275694 0.015625 0.034722
1 0.141406 0.286111 0.014062 0.025000
1 0.159766 0.297222 0.013281 0.030556
1 0.176953 0.296528 0.011719 0.029167
1 0.221484 0.295833 0.013281 0.027778
1 0.201172 0.276389 0.008594 0.022222
1 0.204688 0.291667 0.020312 0.019444
1 0.214453 0.316667 0.017969 0.027778
1 0.237500 0.334722 0.021875 0.019444
1 0.223047 0.341667 0.011719 0.027778
1 0.209766 0.354167 0.011719 0.030556
1 0.173438 0.322222 0.018750 0.033333
1 0.073828 0.277083 0.039844 0.062500
1 0.087109 0.281944 0.021094 0.019444
1 0.088281 0.296528 0.020312 0.018056
1 0.107813 0.309028 0.009375 0.020833
1 0.093359 0.313194 0.019531 0.029167
1 0.076172 0.343750 0.011719 0.023611
1 0.087500 0.354861 0.012500 0.015278
1 0.102344 0.360417 0.018750 0.031944
1 0.114063 0.374306 0.010937 0.026389
1 0.085156 0.388194 0.018750 0.048611
1 0.098828 0.393750 0.014844 0.026389
1 0.114844 0.416667 0.012500 0.027778
1 0.119531 0.331944 0.060938 0.027778
1 0.150781 0.328472 0.012500 0.023611
1 0.160938 0.357639 0.026563 0.031944
1 0.184766 0.339583 0.011719 0.018056
1 0.181641 0.354861 0.014844 0.029167
1 0.198437 0.356250 0.009375 0.023611
1 0.203906 0.373611 0.010937 0.019444
1 0.135156 0.348611 0.012500 0.036111
1 0.128125 0.361111 0.021875 0.025000
1 0.149219 0.370833 0.018750 0.027778
1 0.138672 0.376389 0.008594 0.016667
1 0.055859 0.399306 0.014844 0.012500
1 0.332031 0.611806 0.012500 0.023611
1 0.285937 0.617361 0.010937 0.023611
1 0.322656 0.229861 0.012500 0.015278
1 0.333203 0.289583 0.008594 0.026389
1 0.626562 0.138889 0.012500 0.030556
1 0.271094 0.492361 0.010937 0.015278
1 0.310547 0.495833 0.011719 0.019444
1 0.272656 0.520139 0.012500 0.018056
1 0.253516 0.522917 0.011719 0.018056
1 0.258203 0.551389 0.010156 0.025000
1 0.265234 0.589583 0.017969 0.020833
1 0.211328 0.431250 0.016406 0.037500
1 0.137500 0.420139 0.017188 0.029167
1 0.158203 0.399306 0.011719 0.023611
1 0.171094 0.404861 0.017188 0.018056
1 0.194141 0.436806 0.024219 0.034722
1 0.206641 0.454861 0.010156 0.015278
1 0.223438 0.488194 0.012500 0.031944
1 0.235547 0.476389 0.008594 0.025000
1 0.249219 0.477778 0.009375 0.022222
1 0.170312 0.419444 0.010937 0.013889
1 0.176953 0.440278 0.011719 0.036111
1 0.163672 0.431250 0.010156 0.020833
1 0.155859 0.414583 0.011719 0.018056
1 0.136719 0.441667 0.015625 0.027778
1 0.127734 0.431944 0.013281 0.019444
1 0.148828 0.445139 0.022656 0.034722
1 0.193750 0.471528 0.012500 0.023611
1 0.208984 0.497917 0.017969 0.029167
1 0.238281 0.545833 0.017188 0.036111
1 0.191406 0.488889 0.012500 0.027778
1 0.106250 0.460417 0.050000 0.051389
1 0.081250 0.505556 0.021875 0.041667
1 0.103516 0.509028 0.025781 0.051389
1 0.215625 0.594444 0.042188 0.036111
1 0.253125 0.611111 0.034375 0.038889
1 0.215234 0.543056 0.010156 0.041667
1 0.200391 0.533333 0.019531 0.036111
1 0.156250 0.472917 0.020312 0.020833
1 0.131250 0.488194 0.023438 0.037500
1 0.130078 0.516667 0.008594 0.022222
1 0.138672 0.544444 0.041406 0.030556
1 0.149219 0.569444 0.021875 0.027778
1 0.185547 0.572222 0.011719 0.022222
1 0.164063 0.506250 0.048437 0.054167
1 0.173047 0.556250 0.014844 0.029167
1 0.170703 0.577083 0.013281 0.018056
1 0.181641 0.539583 0.011719 0.034722
1 0.190625 0.559028 0.007813 0.020833
1 0.598047 0.353472 0.011719 0.029167
