0 0.421484 0.520139 0.047656 0.056944
0 0.609375 0.597222 0.043750 0.061111
0 0.438672 0.751389 0.030469 0.108333
0 0.487109 0.722917 0.061719 0.109722
0 0.355078 0.761806 0.047656 0.068056
0 0.360156 0.941667 0.135937 0.116667
0 0.128906 0.936806 0.257813 0.126389
0 0.983594 0.440278 0.031250 0.061111
0 0.580859 0.917361 0.080469 0.165278
0 0.516406 0.930556 0.045313 0.122222
0 0.470313 0.844444 0.050000 0.077778
0 0.102734 0.434028 0.050781 0.051389
0 0.556641 0.395139 0.032031 0.040278
0 0.512500 0.395139 0.023438 0.029167
0 0.456641 0.399306 0.024219 0.034722
0 0.483594 0.403472 0.029687 0.037500
0 0.700000 0.513889 0.034375 0.044444
0 0.871484 0.397917 0.094531 0.048611
0 0.279687 0.426389 0.323438 0.091667
0 0.579297 0.507639 0.117969 0.081944
0 0.648828 0.472222 0.086719 0.069444
0 0.703516 0.409722 0.253906 0.094444
0 0.766406 0.488889 0.084375 0.063889
0 0.877734 0.458333 0.103906 0.063889
0 0.932422 0.521528 0.077344 0.084722
0 0.859375 0.513194 0.082813 0.054167
0 0.807813 0.534722 0.021875 0.041667
0 0.854688 0.557639 0.046875 0.034722
0 0.895703 0.593056 0.044531 0.055556
0 0.775000 0.575694 0.106250 0.056944
0 0.803516 0.631944 0.071094 0.050000
0 0.748828 0.631944 0.030469 0.052778
0 0.716406 0.639583 0.031250 0.054167
0 0.821875 0.676389 0.039063 0.038889
0 0.746875 0.688194 0.064062 0.073611
0 0.954297 0.593750 0.089844 0.056944
0 0.948828 0.670833 0.100781 0.097222
0 0.906641 0.698611 0.091406 0.052778
0 0.970703 0.750000 0.057031 0.080556
0 0.845312 0.762500 0.135937 0.069444
0 0.888281 0.900694 0.221875 0.198611
0 0.652344 0.854861 0.053125 0.073611
0 0.727344 0.923611 0.209375 0.152778
0 0.751953 0.750000 0.103906 0.080556
0 0.651172 0.739583 0.100781 0.131944
0 0.601172 0.775694 0.094531 0.109722
0 0.527344 0.787500 0.073437 0.144444
0 0.167578 0.578472 0.335156 0.206944
0 0.057422 0.703472 0.114844 0.054167
0 0.031641 0.784722 0.063281 0.105556
0 0.163281 0.720139 0.120312 0.093056
0 0.307813 0.693750 0.057813 0.043056
0 0.271875 0.722917 0.104687 0.059722
0 0.270312 0.786806 0.112500 0.095833
0 0.142578 0.820139 0.144531 0.131944
