0 0.825781 0.661806 0.076563 0.251389
0 0.893359 0.392361 0.142969 0.145833
0 0.164844 0.677778 0.078125 0.225000
0 0.096094 0.186806 0.192188 0.373611
0 0.224609 0.409028 0.127344 0.193056
0 0.310547 0.509722 0.108594 0.144444
0 0.247266 0.625694 0.119531 0.145833
0 0.475391 0.872222 0.144531 0.122222
0 0.822656 0.061806 0.193750 0.123611
0 0.754687 0.221528 0.237500 0.229167
0 0.681641 0.083333 0.128906 0.166667
0 0.620313 0.336111 0.093750 0.105556
0 0.711719 0.398611 0.107813 0.113889
0 0.919922 0.897917 0.158594 0.204167
0 0.791016 0.917361 0.102344 0.165278
0 0.678125 0.874306 0.156250 0.251389
0 0.448438 0.065972 0.118750 0.131944
0 0.381641 0.091667 0.085156 0.150000
0 0.333984 0.028472 0.069531 0.056944
0 0.257813 0.060417 0.068750 0.120833
0 0.303125 0.137500 0.110937 0.097222
0 0.302734 0.222917 0.092969 0.098611
0 0.396094 0.212500 0.093750 0.080556
0 0.379297 0.334722 0.130469 0.147222
0 0.514063 0.238194 0.164063 0.231944
0 0.414453 0.472222 0.092969 0.147222
0 0.418750 0.618750 0.115625 0.168056
0 0.462891 0.757639 0.078906 0.123611
0 0.523828 0.772222 0.060156 0.113889
0 0.508594 0.429861 0.059375 0.165278
0 0.675391 0.522222 0.061719 0.152778
0 0.594922 0.427083 0.099219 0.151389
0 0.592188 0.504861 0.079687 0.106944
0 0.521094 0.547222 0.076563 0.147222
0 0.551172 0.634028 0.057031 0.176389
0 0.604297 0.591667 0.063281 0.086111
0 0.623047 0.677778 0.094531 0.108333
0 0.586328 0.850000 0.083594 0.244444
