0 0.149609 0.891667 0.147656 0.166667
0 0.108203 0.679861 0.096094 0.090278
0 0.062891 0.781944 0.125781 0.133333
0 0.222656 0.642361 0.050000 0.084722
0 0.386719 0.619444 0.078125 0.063889
0 0.486719 0.637500 0.092188 0.088889
0 0.525781 0.946528 0.092188 0.106944
0 0.642969 0.825694 0.142188 0.143056
0 0.948828 0.805556 0.100781 0.138889
0 0.965625 0.340972 0.067188 0.068056
0 0.873828 0.672917 0.089844 0.104167
0 0.770312 0.680556 0.062500 0.116667
0 0.787500 0.579167 0.037500 0.094444
0 0.813281 0.481250 0.040625 0.073611
0 0.778516 0.454167 0.074219 0.063889
0 0.732031 0.595139 0.043750 0.062500
0 0.661328 0.645139 0.028906 0.045833
0 0.670313 0.704861 0.070313 0.084722
0 0.632813 0.552083 0.070313 0.062500
0 0.616406 0.599306 0.031250 0.070833
0 0.055078 0.525694 0.077344 0.059722
0 0.118359 0.488194 0.046094 0.073611
0 0.093750 0.456250 0.029687 0.056944
0 0.055859 0.400000 0.058594 0.050000
0 0.057422 0.441667 0.063281 0.052778
0 0.119531 0.348611 0.026563 0.052778
0 0.242188 0.422222 0.040625 0.069444
0 0.291406 0.463194 0.046875 0.062500
0 0.325391 0.495139 0.047656 0.040278
0 0.358984 0.458333 0.025781 0.050000
0 0.386328 0.475000 0.039844 0.061111
0 0.436719 0.551389 0.043750 0.072222
0 0.448828 0.446528 0.032031 0.065278
0 0.517187 0.451389 0.045313 0.052778
0 0.516797 0.421528 0.052344 0.045833
0 0.580078 0.455556 0.039844 0.061111
0 0.607422 0.439583 0.028906 0.070833
0 0.687891 0.425000 0.058594 0.050000
0 0.677734 0.378472 0.042969 0.062500
0 0.615625 0.392361 0.043750 0.045833
0 0.766797 0.177083 0.030469 0.031944
0 0.894531 0.160417 0.045313 0.051389
0 0.968359 0.063889 0.047656 0.036111
0 0.940625 0.101389 0.018750 0.030556
0 0.881250 0.109722 0.057813 0.055556
0 0.905469 0.095139 0.043750 0.040278
0 0.975391 0.024306 0.047656 0.048611
0 0.921875 0.026389 0.057813 0.041667
0 0.883203 0.020139 0.042969 0.034722
0 0.876562 0.061111 0.037500 0.041667
0 0.845703 0.061806 0.021094 0.054167
0 0.806641 0.072917 0.027344 0.031944
0 0.772656 0.093056 0.040625 0.036111
0 0.804688 0.036111 0.096875 0.072222
0 0.741406 0.062500 0.029687 0.052778
0 0.697266 0.322917 0.049219 0.043056
0 0.680859 0.301389 0.052344 0.044444
0 0.702344 0.261806 0.053125 0.040278
0 0.671875 0.244444 0.039063 0.038889
0 0.682813 0.161111 0.021875 0.047222
0 0.590234 0.254167 0.028906 0.058333
0 0.579687 0.358333 0.045313 0.066667
0 0.575781 0.306250 0.068750 0.054167
0 0.516016 0.356250 0.044531 0.062500
0 0.461328 0.306250 0.033594 0.045833
0 0.416016 0.322222 0.028906 0.044444
0 0.392969 0.411111 0.045313 0.052778
0 0.300781 0.407639 0.045313 0.054167
0 0.348828 0.302083 0.038281 0.045833
0 0.320313 0.354167 0.035937 0.061111
0 0.293750 0.332639 0.039063 0.040278
0 0.360156 0.234722 0.021875 0.041667
0 0.323828 0.275000 0.033594 0.063889
0 0.270703 0.270833 0.030469 0.044444
0 0.173047 0.341667 0.038281 0.047222
0 0.214062 0.333333 0.037500 0.038889
0 0.189844 0.360417 0.029687 0.031944
0 0.239063 0.270139 0.025000 0.045833
0 0.198047 0.283333 0.032031 0.047222
0 0.220703 0.291667 0.014844 0.030556
0 0.091797 0.274306 0.019531 0.043056
0 0.053906 0.274306 0.021875 0.043056
0 0.024609 0.265972 0.025781 0.043056
0 0.030469 0.215278 0.060938 0.075000
0 0.096875 0.227083 0.023438 0.034722
0 0.117969 0.206250 0.018750 0.029167
0 0.085156 0.186806 0.046875 0.068056
0 0.044922 0.182639 0.032031 0.043056
0 0.047266 0.157639 0.027344 0.034722
0 0.016797 0.130556 0.033594 0.063889
0 0.055078 0.115972 0.039844 0.048611
0 0.120703 0.170833 0.030469 0.038889
0 0.150391 0.177083 0.030469 0.037500
0 0.135156 0.202083 0.018750 0.023611
0 0.151172 0.148611 0.021094 0.030556
0 0.187500 0.163889 0.018750 0.027778
0 0.171094 0.173611 0.029687 0.025000
0 0.174609 0.229861 0.063281 0.084722
0 0.705078 0.045139 0.021094 0.051389
0 0.678906 0.088889 0.025000 0.033333
0 0.666016 0.124306 0.036719 0.040278
0 0.341406 0.188889 0.028125 0.030556
0 0.290625 0.203472 0.028125 0.031944
0 0.221094 0.215278 0.026563 0.033333
0 0.250781 0.176389 0.064062 0.066667
0 0.316797 0.150000 0.072656 0.055556
0 0.355469 0.129167 0.031250 0.036111
0 0.408594 0.126389 0.034375 0.047222
0 0.440234 0.134028 0.027344 0.037500
0 0.465234 0.122222 0.017969 0.044444
0 0.474219 0.105556 0.020312 0.025000
0 0.495313 0.118056 0.018750 0.030556
0 0.552344 0.101389 0.023438 0.038889
0 0.530078 0.099306 0.014844 0.031944
0 0.510938 0.091667 0.015625 0.027778
0 0.628125 0.112500 0.020312 0.041667
0 0.649219 0.095139 0.031250 0.034722
0 0.699609 0.009722 0.021094 0.019444
0 0.569531 0.054167 0.234375 0.097222
0 0.445703 0.095139 0.014844 0.034722
0 0.439063 0.081944 0.015625 0.022222
0 0.399219 0.064583 0.079687 0.059722
0 0.368750 0.095139 0.023438 0.018056
0 0.347656 0.092361 0.017188 0.023611
0 0.328125 0.084028 0.020312 0.037500
0 0.318750 0.079167 0.023438 0.038889
0 0.278906 0.065278 0.048437 0.058333
0 0.262500 0.104861 0.026563 0.048611
0 0.294531 0.110417 0.017188 0.026389
0 0.311719 0.125000 0.018750 0.027778
0 0.245312 0.124306 0.020312 0.026389
0 0.233203 0.090278 0.019531 0.027778
0 0.192578 0.115278 0.038281 0.047222
0 0.099609 0.135417 0.035156 0.051389
0 0.094141 0.104167 0.030469 0.044444
0 0.143750 0.103472 0.057813 0.056944
0 0.187109 0.087500 0.027344 0.036111
