0 0.249219 0.113889 0.062500 0.122222
0 0.026953 0.156250 0.053906 0.090278
0 0.038281 0.668750 0.076563 0.220833
0 0.324219 0.893056 0.071875 0.125000
0 0.527344 0.964583 0.060938 0.070833
0 0.103125 0.500000 0.070313 0.122222
0 0.027344 0.511111 0.054688 0.063889
0 0.275391 0.393750 0.047656 0.068056
0 0.363281 0.320833 0.059375 0.097222
0 0.349609 0.708333 0.053906 0.116667
0 0.332422 0.606250 0.049219 0.079167
0 0.254297 0.504167 0.194531 0.169444
0 0.176563 0.743750 0.248437 0.187500
0 0.230078 0.926389 0.119531 0.147222
0 0.456250 0.240278 0.062500 0.122222
0 0.558594 0.475694 0.057813 0.098611
0 0.460156 0.616667 0.045313 0.058333
0 0.509375 0.670139 0.076563 0.148611
0 0.523438 0.524306 0.035937 0.070833
0 0.475000 0.519444 0.056250 0.088889
0 0.467578 0.415972 0.041406 0.115278
0 0.414063 0.545833 0.053125 0.061111
0 0.400391 0.464583 0.071094 0.118056
0 0.422656 0.363889 0.054688 0.105556
0 0.295312 0.286111 0.051562 0.075000
0 0.261719 0.336111 0.043750 0.047222
0 0.240625 0.280556 0.035937 0.061111
0 0.191797 0.216667 0.103906 0.097222
0 0.128906 0.304861 0.187500 0.115278
0 0.044922 0.402778 0.089844 0.102778
0 0.145703 0.384028 0.139844 0.054167
0 0.592578 0.688194 0.083594 0.112500
0 0.579687 0.761806 0.053125 0.040278
0 0.617578 0.829861 0.028906 0.079167
0 0.466797 0.036111 0.172656 0.058333
0 0.288672 0.029167 0.107031 0.047222
0 0.608203 0.225000 0.092969 0.069444
0 0.680078 0.636806 0.033594 0.129167
0 0.663672 0.725000 0.030469 0.055556
0 0.664844 0.812500 0.059375 0.069444
0 0.691797 0.866667 0.074219 0.052778
0 0.931641 0.974306 0.099219 0.051389
0 0.984766 0.931250 0.028906 0.137500
0 0.728125 0.957639 0.092188 0.084722
0 0.534766 0.295833 0.080469 0.080556
0 0.608203 0.352778 0.125781 0.105556
0 0.557422 0.413194 0.024219 0.026389
0 0.733594 0.415972 0.075000 0.159722
0 0.642578 0.509028 0.088281 0.201389
0 0.896484 0.649306 0.205469 0.640278
0 0.750391 0.748611 0.096094 0.391667
