0 0.891797 0.871528 0.172656 0.256944
0 0.742578 0.831250 0.121094 0.223611
0 0.650781 0.883333 0.060938 0.133333
0 0.613672 0.706250 0.110156 0.179167
0 0.934766 0.072917 0.128906 0.145833
0 0.744141 0.231250 0.057031 0.140278
0 0.276172 0.739583 0.552344 0.520833
0 0.823047 0.542361 0.352344 0.268056
0 0.738281 0.693750 0.143750 0.062500
0 0.835938 0.684028 0.062500 0.056944
0 0.913281 0.371528 0.078125 0.109722
0 0.969141 0.297917 0.060156 0.290278
0 0.882422 0.248611 0.119531 0.216667
0 0.797656 0.251389 0.048437 0.211111
0 0.483203 0.379167 0.571094 0.213889
0 0.479297 0.188194 0.483594 0.154167
0 0.567578 0.056250 0.394531 0.112500
0 0.821094 0.006944 0.056250 0.036111
