0 0.100000 0.374306 0.200000 0.218056
0 0.313672 0.356250 0.053906 0.076389
0 0.384375 0.291667 0.040625 0.052778
0 0.526172 0.350694 0.241406 0.229167
0 0.410937 0.633333 0.045313 0.091667
0 0.360156 0.586806 0.059375 0.090278
0 0.515625 0.553472 0.050000 0.048611
0 0.610937 0.568056 0.020312 0.075000
0 0.672656 0.556250 0.031250 0.062500
0 0.644141 0.584028 0.024219 0.056944
0 0.569141 0.604861 0.035156 0.034722
0 0.534766 0.615972 0.052344 0.056944
0 0.487891 0.589583 0.019531 0.040278
0 0.448828 0.886111 0.039844 0.044444
0 0.547266 0.687500 0.027344 0.038889
0 0.561328 0.771528 0.047656 0.101389
0 0.517187 0.824306 0.031250 0.037500
0 0.573438 0.955556 0.060938 0.088889
0 0.503906 0.932639 0.060938 0.118056
0 0.212109 0.769444 0.030469 0.094444
0 0.229687 0.850694 0.046875 0.054167
0 0.064453 0.683333 0.128906 0.316667
0 0.014844 0.932639 0.029687 0.070833
0 0.132422 0.877778 0.091406 0.136111
0 0.216797 0.941667 0.114844 0.116667
0 0.371094 0.984028 0.028125 0.031944
0 0.366406 0.927778 0.040625 0.058333
0 0.616797 0.668056 0.094531 0.105556
0 0.490234 0.777083 0.055469 0.059722
0 0.479297 0.834028 0.025781 0.051389
0 0.362109 0.863194 0.042969 0.056944
0 0.646094 0.945139 0.029687 0.104167
0 0.169141 0.740278 0.041406 0.055556
0 0.628516 0.801389 0.088281 0.161111
0 0.710938 0.742361 0.068750 0.148611
0 0.310547 0.768056 0.136719 0.155556
0 0.427344 0.766667 0.062500 0.169444
0 0.475000 0.668750 0.060938 0.118056
0 0.197656 0.508333 0.039063 0.069444
0 0.311328 0.496528 0.113281 0.126389
0 0.272266 0.593750 0.082031 0.070833
0 0.206250 0.581944 0.053125 0.094444
0 0.169531 0.652083 0.075000 0.079167
0 0.278516 0.651389 0.136719 0.050000
0 0.692969 0.943056 0.064062 0.130556
0 0.789453 0.760417 0.089844 0.215278
0 0.742578 0.849306 0.025781 0.037500
0 0.851563 0.922917 0.250000 0.154167
0 0.973828 0.914583 0.050781 0.137500
0 0.695703 0.490278 0.058594 0.161111
0 0.862109 0.527083 0.274219 0.245833
0 0.917188 0.749306 0.164063 0.195833
