0 0.930469 0.309722 0.035937 0.063889
0 0.254687 0.301389 0.035937 0.044444
0 0.199219 0.625000 0.023438 0.050000
0 0.733203 0.495833 0.055469 0.066667
0 0.819531 0.847917 0.192188 0.201389
0 0.837500 0.975694 0.162500 0.048611
0 0.685938 0.966667 0.054688 0.066667
0 0.533203 0.959028 0.036719 0.073611
0 0.487109 0.959028 0.044531 0.076389
0 0.313672 0.974306 0.025781 0.051389
0 0.284766 0.968750 0.028906 0.062500
0 0.796094 0.495833 0.056250 0.055556
0 0.844922 0.675694 0.085156 0.062500
0 0.773047 0.638194 0.157031 0.276389
0 0.675000 0.704167 0.023438 0.069444
0 0.696094 0.788194 0.082813 0.104167
0 0.679688 0.858333 0.023438 0.044444
0 0.622266 0.898611 0.107031 0.077778
0 0.167187 0.970139 0.029687 0.059722
0 0.119922 0.964583 0.039844 0.065278
0 0.285156 0.726389 0.043750 0.077778
0 0.252344 0.716667 0.045313 0.072222
0 0.302734 0.808333 0.033594 0.080556
0 0.270312 0.828472 0.032812 0.120833
0 0.256641 0.919444 0.041406 0.077778
0 0.335156 0.849306 0.028125 0.040278
0 0.324609 0.914583 0.038281 0.068056
0 0.299609 0.884028 0.041406 0.065278
0 0.040234 0.957639 0.080469 0.084722
0 0.073828 0.802778 0.147656 0.225000
0 0.173438 0.819444 0.067188 0.236111
0 0.227734 0.787500 0.050781 0.075000
0 0.300781 0.638889 0.064062 0.058333
0 0.419141 0.918750 0.050781 0.098611
0 0.542969 0.725694 0.231250 0.359722
0 0.383594 0.582639 0.085938 0.129167
0 0.415234 0.670833 0.046094 0.050000
0 0.378516 0.803472 0.097656 0.087500
0 0.371875 0.872917 0.026563 0.070833
0 0.414453 0.732639 0.014844 0.070833
0 0.371875 0.706250 0.070313 0.106944
0 0.321094 0.713889 0.026563 0.091667
