0 0.755469 0.931250 0.026563 0.073611
0 0.698438 0.871528 0.056250 0.084722
0 0.638672 0.772222 0.033594 0.069444
0 0.164844 0.156944 0.050000 0.058333
0 0.063672 0.086111 0.046094 0.086111
0 0.011719 0.092361 0.023438 0.059722
0 0.165625 0.017361 0.120312 0.034722
0 0.101172 0.754861 0.049219 0.065278
0 0.183984 0.645833 0.044531 0.083333
0 0.222656 0.711806 0.048437 0.054167
0 0.235156 0.960417 0.039063 0.079167
0 0.312500 0.956944 0.050000 0.086111
0 0.317578 0.889583 0.041406 0.043056
0 0.010547 0.956250 0.021094 0.070833
0 0.091406 0.825694 0.028125 0.045833
0 0.032422 0.738889 0.064844 0.155556
0 0.067188 0.872917 0.100000 0.090278
0 0.124609 0.967361 0.085156 0.065278
0 0.153516 0.810417 0.044531 0.045833
0 0.180078 0.896528 0.077344 0.154167
0 0.257813 0.062500 0.035937 0.052778
0 0.287500 0.091667 0.057813 0.086111
0 0.379687 0.302778 0.023438 0.061111
0 0.397656 0.372917 0.050000 0.048611
0 0.653125 0.957639 0.100000 0.084722
0 0.358594 0.191667 0.073437 0.127778
0 0.383203 0.690972 0.032031 0.059722
0 0.427734 0.713194 0.027344 0.051389
0 0.398438 0.734722 0.031250 0.044444
0 0.484766 0.966667 0.038281 0.066667
0 0.542969 0.876389 0.053125 0.080556
0 0.372266 0.502778 0.030469 0.058333
0 0.328125 0.429167 0.031250 0.061111
0 0.300391 0.475694 0.036719 0.101389
0 0.591016 0.520833 0.041406 0.100000
0 0.626172 0.577083 0.039844 0.037500
0 0.436328 0.088889 0.177344 0.177778
0 0.489844 0.226389 0.139062 0.094444
0 0.439453 0.301389 0.091406 0.116667
0 0.499609 0.308333 0.058594 0.061111
0 0.504297 0.377778 0.044531 0.066667
0 0.555469 0.378472 0.053125 0.073611
0 0.573438 0.435417 0.028125 0.043056
0 0.539453 0.434028 0.041406 0.040278
0 0.403516 0.441667 0.024219 0.077778
0 0.448047 0.486806 0.072656 0.084722
0 0.508594 0.467361 0.048437 0.043056
0 0.534375 0.521528 0.056250 0.076389
0 0.491406 0.543750 0.029687 0.051389
0 0.262500 0.513194 0.039063 0.070833
0 0.310156 0.570833 0.082813 0.127778
0 0.366797 0.579167 0.028906 0.077778
0 0.423828 0.614583 0.071094 0.098611
0 0.266406 0.740972 0.089062 0.095833
0 0.278906 0.794444 0.064062 0.055556
0 0.346484 0.783333 0.064844 0.102778
0 0.366016 0.857639 0.038281 0.048611
0 0.454297 0.909722 0.049219 0.125000
0 0.394922 0.911806 0.066406 0.176389
0 0.466406 0.797917 0.084375 0.087500
0 0.585156 0.753472 0.065625 0.115278
0 0.547266 0.634028 0.152344 0.118056
0 0.517578 0.715972 0.113281 0.062500
0 0.528906 0.792361 0.046875 0.076389
