0 0.333984 0.807639 0.113281 0.201389
0 0.515625 0.326389 0.118750 0.122222
0 0.475781 0.236111 0.053125 0.047222
0 0.142969 0.726389 0.285937 0.527778
0 0.105078 0.389583 0.210156 0.140278
0 0.180078 0.257639 0.360156 0.220833
0 0.425781 0.202083 0.125000 0.101389
0 0.539453 0.203472 0.119531 0.068056
0 0.310156 0.408333 0.289063 0.194444
0 0.421484 0.651389 0.235156 0.300000
0 0.933594 0.231250 0.131250 0.231944
0 0.780469 0.300694 0.187500 0.106944
0 0.642578 0.401389 0.153906 0.083333
0 0.623438 0.319444 0.096875 0.111111
0 0.758203 0.663889 0.482031 0.672222
0 0.356250 0.316667 0.057813 0.075000
0 0.740625 0.187500 0.257813 0.080556
0 0.693750 0.250000 0.026563 0.044444
