0 0.198437 0.154167 0.037500 0.052778
0 0.061719 0.923611 0.123438 0.152778
0 0.558594 0.957639 0.035937 0.056944
0 0.530469 0.933333 0.028125 0.050000
0 0.410156 0.965972 0.026563 0.056944
0 0.463281 0.981944 0.020312 0.036111
0 0.728906 0.849306 0.026563 0.040278
0 0.571484 0.750000 0.096094 0.155556
0 0.641016 0.783333 0.035156 0.077778
0 0.369141 0.965972 0.044531 0.068056
0 0.801172 0.983333 0.025781 0.033333
0 0.170703 0.960417 0.088281 0.079167
0 0.190625 0.908333 0.051562 0.061111
0 0.171484 0.856250 0.074219 0.087500
0 0.312891 0.979167 0.038281 0.041667
0 0.741797 0.947917 0.024219 0.040278
0 0.666406 0.908333 0.120312 0.183333
0 0.584375 0.874306 0.042188 0.073611
0 0.523828 0.899306 0.033594 0.059722
0 0.549609 0.850000 0.055469 0.052778
0 0.304297 0.855556 0.196094 0.236111
0 0.462109 0.847917 0.117969 0.181944
