0 0.463281 0.197222 0.032812 0.069444
0 0.446094 0.272222 0.048437 0.069444
0 0.556641 0.214583 0.038281 0.045833
0 0.547266 0.279861 0.060156 0.062500
0 0.428516 0.422222 0.044531 0.066667
0 0.610937 0.131250 0.032812 0.065278
0 0.304297 0.329861 0.214844 0.193056
0 0.239844 0.494444 0.128125 0.122222
0 0.368750 0.541667 0.045313 0.072222
0 0.504297 0.678472 0.044531 0.093056
0 0.330859 0.951389 0.041406 0.097222
0 0.382422 0.925000 0.055469 0.108333
0 0.437891 0.863194 0.060156 0.093056
0 0.465234 0.806944 0.057031 0.088889
0 0.489844 0.873611 0.051562 0.061111
0 0.723437 0.847222 0.045313 0.072222
0 0.689844 0.772917 0.056250 0.068056
0 0.685547 0.508333 0.041406 0.094444
0 0.901953 0.361806 0.052344 0.065278
0 0.762891 0.142361 0.267969 0.223611
0 0.952344 0.090278 0.093750 0.122222
0 0.976172 0.236806 0.046094 0.140278
0 0.971484 0.360417 0.050781 0.087500
0 0.962109 0.847917 0.074219 0.170833
0 0.553516 0.593056 0.039844 0.058333
0 0.612109 0.499306 0.053906 0.098611
0 0.605078 0.576389 0.038281 0.050000
0 0.230078 0.920833 0.111719 0.158333
0 0.299219 0.802778 0.226563 0.155556
0 0.399219 0.558333 0.028125 0.047222
0 0.471094 0.512500 0.048437 0.077778
0 0.543359 0.472917 0.127344 0.273611
0 0.767969 0.403472 0.059375 0.056944
0 0.816016 0.451389 0.152344 0.080556
0 0.926172 0.478472 0.125781 0.123611
0 0.971094 0.603472 0.056250 0.237500
0 0.899219 0.614583 0.060938 0.084722
0 0.877344 0.555556 0.025000 0.041667
0 0.835156 0.666667 0.115625 0.086111
0 0.908984 0.758333 0.000781 0.002778
0 0.870703 0.815278 0.072656 0.166667
0 0.809766 0.766667 0.055469 0.058333
0 0.642187 0.946528 0.067188 0.106944
0 0.557031 0.900694 0.106250 0.168056
0 0.762109 0.542361 0.099219 0.112500
0 0.725781 0.632639 0.062500 0.098611
0 0.756250 0.702083 0.050000 0.045833
0 0.570313 0.653472 0.064062 0.076389
0 0.594141 0.675694 0.086719 0.087500
0 0.667188 0.693056 0.065625 0.086111
0 0.638281 0.727083 0.090625 0.068056
0 0.288281 0.647917 0.128125 0.129167
0 0.449219 0.620139 0.075000 0.095833
0 0.379297 0.657639 0.053906 0.112500
0 0.432031 0.712500 0.092188 0.063889
