0 0.051953 0.792361 0.097656 0.256944
0 0.120703 0.955556 0.139844 0.080556
0 0.018750 0.975000 0.037500 0.050000
0 0.068750 0.134028 0.137500 0.112500
0 0.104297 0.252778 0.063281 0.166667
0 0.035156 0.263194 0.070313 0.084722
0 0.021875 0.465278 0.043750 0.119444
0 0.092188 0.406250 0.117188 0.131944
0 0.436328 0.565278 0.039844 0.116667
0 0.537109 0.241667 0.046094 0.127778
0 0.626172 0.150000 0.160156 0.275000
0 0.508203 0.142361 0.067969 0.106944
0 0.417969 0.039583 0.226563 0.076389
0 0.443750 0.152083 0.081250 0.143056
0 0.317578 0.102778 0.114844 0.119444
0 0.290625 0.209722 0.054688 0.108333
0 0.410156 0.270833 0.104687 0.105556
0 0.439063 0.370139 0.112500 0.048611
0 0.441016 0.423611 0.094531 0.063889
0 0.470703 0.480556 0.046094 0.038889
0 0.445703 0.977778 0.027344 0.044444
0 0.290625 0.763889 0.328125 0.227778
0 0.307813 0.913889 0.229687 0.080556
0 0.262891 0.978472 0.078906 0.043056
0 0.126953 0.515278 0.124219 0.241667
0 0.295703 0.371528 0.177344 0.109722
0 0.296094 0.536806 0.218750 0.243056
0 0.192188 0.314583 0.098438 0.095833
0 0.260156 0.263889 0.092188 0.119444
0 0.798828 0.298611 0.103906 0.102778
0 0.931250 0.381250 0.121875 0.126389
0 0.881250 0.313889 0.070313 0.125000
0 0.802734 0.390972 0.121094 0.081944
0 0.596484 0.373611 0.188281 0.147222
0 0.519141 0.489583 0.064844 0.137500
0 0.582422 0.514583 0.072656 0.140278
0 0.645312 0.511806 0.059375 0.129167
0 0.521094 0.596528 0.089062 0.073611
0 0.518750 0.695139 0.070313 0.123611
0 0.888672 0.464583 0.091406 0.065278
0 0.800000 0.463194 0.081250 0.087500
0 0.958594 0.497222 0.082813 0.088889
0 0.974219 0.583333 0.051562 0.088889
0 0.980859 0.672222 0.038281 0.105556
0 0.981250 0.837500 0.037500 0.083333
0 0.815625 0.542361 0.085938 0.068056
0 0.731250 0.509028 0.043750 0.045833
0 0.724219 0.343056 0.057813 0.108333
0 0.691406 0.434722 0.046875 0.080556
0 0.595703 0.677083 0.075781 0.123611
0 0.564062 0.773611 0.070313 0.080556
0 0.564062 0.906944 0.062500 0.186111
0 0.498047 0.954861 0.071094 0.090278
0 0.485938 0.839583 0.054688 0.156944
0 0.939062 0.768056 0.084375 0.086111
0 0.911719 0.695139 0.059375 0.118056
0 0.852734 0.625694 0.114844 0.120833
0 0.719922 0.632639 0.150781 0.154167
0 0.819141 0.791667 0.060156 0.191667
0 0.914844 0.831250 0.120312 0.098611
0 0.935156 0.918750 0.128125 0.120833
0 0.885938 0.947222 0.106250 0.105556
0 0.736719 0.800694 0.067188 0.173611
0 0.772266 0.934028 0.116406 0.090278
0 0.676953 0.760417 0.066406 0.123611
0 0.613281 0.763889 0.048437 0.063889
0 0.658594 0.822222 0.079687 0.102778
0 0.651953 0.946528 0.113281 0.106944
0 0.607031 0.842361 0.026563 0.093056
