0 0.957812 0.929167 0.048437 0.063889
0 0.750391 0.831944 0.047656 0.088889
0 0.303906 0.963194 0.034375 0.062500
0 0.510938 0.156944 0.042188 0.069444
0 0.526172 0.091667 0.038281 0.041667
0 0.657031 0.150000 0.001563 0.005556
0 0.812891 0.070139 0.324219 0.137500
0 0.612891 0.108333 0.035156 0.052778
0 0.601563 0.162500 0.064062 0.055556
0 0.952734 0.242361 0.061719 0.070833
0 0.721875 0.381944 0.045313 0.091667
0 0.716797 0.620139 0.053906 0.054167
0 0.743359 0.690278 0.041406 0.069444
0 0.968359 0.663194 0.061719 0.054167
0 0.976953 0.731944 0.044531 0.058333
0 0.547266 0.537500 0.038281 0.083333
0 0.651172 0.442361 0.036719 0.051389
0 0.652734 0.369444 0.058594 0.094444
0 0.404297 0.711111 0.039844 0.072222
0 0.449219 0.707639 0.045313 0.081944
0 0.880859 0.323611 0.111719 0.077778
0 0.811328 0.296528 0.055469 0.115278
0 0.953516 0.358333 0.091406 0.102778
0 0.918359 0.429861 0.033594 0.037500
0 0.934766 0.482639 0.069531 0.095833
0 0.702734 0.890278 0.041406 0.186111
0 0.494141 0.300000 0.039844 0.047222
0 0.417188 0.231944 0.121875 0.147222
0 0.333203 0.315972 0.096094 0.176389
0 0.438281 0.397222 0.045313 0.066667
0 0.855469 0.527778 0.093750 0.077778
0 0.893750 0.653472 0.078125 0.134722
0 0.836328 0.618056 0.047656 0.075000
0 0.299609 0.846528 0.064844 0.101389
0 0.358984 0.777083 0.032031 0.059722
0 0.323047 0.711111 0.091406 0.152778
0 0.510938 0.646528 0.082813 0.104167
0 0.649609 0.539583 0.135156 0.123611
0 0.371094 0.485417 0.103125 0.090278
0 0.394531 0.605556 0.176563 0.127778
0 0.467969 0.422222 0.029687 0.058333
0 0.454688 0.504861 0.070313 0.101389
0 0.498047 0.547917 0.036719 0.037500
0 0.508984 0.481944 0.050781 0.083333
0 0.600000 0.455556 0.017188 0.055556
0 0.558203 0.452778 0.058594 0.044444
0 0.525391 0.398611 0.039844 0.100000
0 0.610156 0.277778 0.096875 0.116667
0 0.583203 0.383333 0.074219 0.094444
0 0.788672 0.561806 0.047656 0.051389
0 0.785156 0.450000 0.114063 0.172222
0 0.624609 0.729861 0.144531 0.145833
0 0.654297 0.816667 0.046094 0.027778
0 0.988672 0.484722 0.021094 0.116667
