0 0.208594 0.817361 0.034375 0.148611
0 0.161719 0.849306 0.023438 0.087500
0 0.321094 0.650000 0.042188 0.069444
0 0.286328 0.072917 0.241406 0.143056
0 0.128906 0.079167 0.037500 0.077778
0 0.098828 0.512500 0.107031 0.161111
0 0.149219 0.624306 0.057813 0.109722
0 0.037500 0.950000 0.075000 0.100000
0 0.021875 0.427778 0.043750 0.102778
0 0.319922 0.488194 0.049219 0.095833
0 0.408203 0.582639 0.041406 0.068056
0 0.416797 0.795139 0.058594 0.070833
0 0.229687 0.960417 0.064062 0.079167
0 0.285156 0.981944 0.043750 0.036111
0 0.373828 0.927778 0.027344 0.066667
0 0.362109 0.948611 0.099219 0.102778
0 0.430859 0.909722 0.028906 0.125000
0 0.420703 0.975694 0.025781 0.048611
0 0.494531 0.954861 0.059375 0.090278
0 0.104297 0.264583 0.208594 0.229167
0 0.263672 0.220139 0.047656 0.065278
0 0.253125 0.306250 0.082813 0.104167
0 0.373828 0.535417 0.060156 0.104167
0 0.402734 0.345833 0.080469 0.208333
0 0.335938 0.271528 0.056250 0.056944
0 0.339063 0.363889 0.026563 0.058333
0 0.296094 0.396528 0.046875 0.045833
0 0.260938 0.426389 0.053125 0.083333
0 0.173828 0.397222 0.052344 0.102778
0 0.736328 0.802083 0.121094 0.395833
0 0.527734 0.861111 0.060156 0.119444
0 0.436328 0.653472 0.074219 0.120833
0 0.451953 0.740278 0.061719 0.144444
0 0.691406 0.547222 0.103125 0.172222
0 0.457031 0.184028 0.109375 0.229167
0 0.620703 0.827083 0.116406 0.301389
0 0.574219 0.977778 0.081250 0.044444
0 0.522266 0.698611 0.069531 0.172222
0 0.603906 0.589583 0.134375 0.195833
0 0.648438 0.379861 0.093750 0.181944
0 0.571875 0.254861 0.115625 0.265278
0 0.522266 0.445833 0.157031 0.252778
0 0.514453 0.590972 0.032031 0.059722
