0 0.016406 0.911111 0.032812 0.058333
0 0.068359 0.883333 0.044531 0.038889
0 0.065625 0.948611 0.054688 0.061111
0 0.080859 0.905556 0.041406 0.033333
0 0.176172 0.854167 0.135156 0.097222
0 0.149219 0.931944 0.134375 0.136111
0 0.417578 0.762500 0.130469 0.063889
0 0.338281 0.766667 0.018750 0.033333
0 0.308594 0.800694 0.029687 0.031944
0 0.382813 0.828472 0.020312 0.051389
0 0.281250 0.943056 0.028125 0.050000
0 0.308594 0.960417 0.028125 0.040278
0 0.323047 0.981944 0.042969 0.036111
0 0.456250 0.928472 0.025000 0.034722
0 0.426172 0.986806 0.019531 0.026389
0 0.403516 0.953472 0.033594 0.084722
0 0.371875 0.926389 0.042188 0.080556
0 0.330469 0.916667 0.059375 0.058333
0 0.245703 0.936111 0.050781 0.086111
0 0.297266 0.845833 0.108594 0.102778
0 0.355469 0.863194 0.028125 0.045833
0 0.395312 0.843750 0.025000 0.031944
0 0.426953 0.883333 0.041406 0.061111
0 0.443359 0.845833 0.042969 0.058333
0 0.446875 0.809028 0.042188 0.029167
0 0.469531 0.888889 0.029687 0.041667
0 0.486328 0.892361 0.021094 0.031944
0 0.504297 0.937500 0.049219 0.086111
0 0.496875 0.785417 0.021875 0.018056
0 0.480078 0.811806 0.028906 0.031944
0 0.507031 0.827778 0.029687 0.038889
0 0.509375 0.868056 0.035937 0.030556
0 0.533203 0.812500 0.028906 0.036111
0 0.567578 0.952778 0.060156 0.094444
0 0.605078 0.956250 0.017969 0.031944
0 0.619922 0.983333 0.035156 0.033333
0 0.602344 0.913194 0.023438 0.065278
0 0.557813 0.870833 0.057813 0.086111
0 0.587109 0.837500 0.044531 0.075000
0 0.553516 0.772222 0.091406 0.069444
0 0.692969 0.876389 0.187500 0.247222
0 0.846484 0.918056 0.119531 0.163889
0 0.948828 0.963889 0.082031 0.072222
1 0.609375 0.239583 0.018750 0.031944
1 0.607422 0.266667 0.014844 0.036111
1 0.487109 0.254167 0.041406 0.058333
1 0.489062 0.204167 0.037500 0.047222
