0 0.806250 0.009028 0.042188 0.018056
0 0.713281 0.686111 0.104687 0.058333
0 0.341406 0.817361 0.032812 0.040278
0 0.485547 0.890278 0.050781 0.038889
0 0.492188 0.937500 0.043750 0.041667
0 0.720703 0.880556 0.292969 0.238889
0 0.054297 0.972222 0.074219 0.055556
0 0.144531 0.958333 0.076563 0.083333
0 0.276172 0.950000 0.122656 0.100000
0 0.679688 0.726389 0.028125 0.033333
0 0.427734 0.706250 0.471094 0.156944
0 0.253906 0.801389 0.104687 0.050000
0 0.166406 0.861111 0.104687 0.077778
0 0.088281 0.823611 0.176563 0.077778
0 0.044141 0.908333 0.088281 0.100000
0 0.073437 0.734722 0.146875 0.108333
0 0.170312 0.717361 0.048437 0.087500
