0 0.761719 0.565278 0.142188 0.333333
0 0.956641 0.490972 0.085156 0.276389
0 0.599609 0.832639 0.328906 0.176389
0 0.464844 0.941667 0.090625 0.116667
0 0.875000 0.737500 0.157813 0.336111
0 0.814844 0.970139 0.095312 0.059722
0 0.590625 0.527778 0.220313 0.236111
0 0.589844 0.668750 0.142188 0.112500
0 0.162891 0.390278 0.325781 0.719444
0 0.268750 0.720139 0.162500 0.181944
0 0.149609 0.896528 0.299219 0.206944
0 0.450000 0.369444 0.171875 0.444444
0 0.466016 0.076389 0.203906 0.147222
0 0.670703 0.267361 0.210156 0.304167
0 0.878125 0.172222 0.181250 0.344444
