0 0.253906 0.722917 0.104687 0.179167
0 0.100000 0.213194 0.085938 0.140278
0 0.185937 0.088889 0.160938 0.144444
0 0.046094 0.079167 0.071875 0.136111
0 0.113281 0.331944 0.076563 0.097222
0 0.063281 0.430556 0.126563 0.119444
0 0.058594 0.552778 0.117188 0.116667
0 0.280469 0.895833 0.085938 0.100000
0 0.883203 0.215278 0.232031 0.425000
0 0.735156 0.109028 0.153125 0.218056
0 0.566797 0.070833 0.178906 0.138889
0 0.295703 0.182639 0.180469 0.140278
0 0.251563 0.300000 0.079687 0.102778
0 0.939062 0.746528 0.120312 0.284722
0 0.848437 0.851389 0.115625 0.186111
0 0.854297 0.513194 0.167969 0.251389
0 0.183203 0.895139 0.102344 0.209722
0 0.366406 0.806250 0.081250 0.204167
0 0.472266 0.777778 0.111719 0.194444
0 0.336328 0.475000 0.161719 0.222222
0 0.438281 0.209722 0.087500 0.188889
0 0.537891 0.406944 0.083594 0.141667
0 0.560547 0.250694 0.149219 0.187500
0 0.680859 0.353472 0.164844 0.126389
0 0.445703 0.388194 0.094531 0.190278
0 0.476172 0.510417 0.088281 0.106944
0 0.637891 0.581250 0.002344 0.001389
0 0.537500 0.622917 0.195313 0.129167
0 0.722266 0.482639 0.083594 0.095833
0 0.632031 0.506944 0.100000 0.150000
0 0.746484 0.583333 0.088281 0.097222
0 0.701953 0.673611 0.139844 0.069444
0 0.681641 0.750694 0.089844 0.076389
0 0.798437 0.751389 0.096875 0.133333
0 0.684766 0.858333 0.189844 0.158333
0 0.556641 0.937500 0.142969 0.113889
0 0.710938 0.972222 0.065625 0.055556
0 0.797266 0.977083 0.055469 0.045833
0 0.190625 0.443750 0.043750 0.087500
