0 0.273438 0.540278 0.053125 0.058333
0 0.491406 0.440972 0.028125 0.040278
0 0.445313 0.441667 0.026563 0.041667
0 0.952344 0.553472 0.045313 0.065278
0 0.975781 0.663889 0.046875 0.047222
0 0.444922 0.576389 0.066406 0.058333
0 0.426953 0.668750 0.050781 0.070833
0 0.446484 0.731944 0.061719 0.050000
0 0.041016 0.673611 0.047656 0.055556
0 0.045313 0.930556 0.090625 0.133333
0 0.126953 0.856250 0.080469 0.076389
0 0.176563 0.971528 0.048437 0.056944
0 0.210156 0.845833 0.123438 0.127778
0 0.739844 0.889583 0.084375 0.156944
0 0.829297 0.967361 0.049219 0.065278
0 0.668750 0.977778 0.050000 0.044444
0 0.072656 0.284722 0.145313 0.058333
0 0.052734 0.613889 0.105469 0.083333
0 0.074609 0.498611 0.149219 0.163889
0 0.173047 0.452778 0.067969 0.063889
0 0.898828 0.500694 0.069531 0.093056
0 0.856250 0.515972 0.021875 0.040278
0 0.082813 0.372222 0.165625 0.130556
0 0.193750 0.340972 0.060938 0.059722
0 0.200391 0.396528 0.046094 0.051389
0 0.943750 0.710417 0.106250 0.093056
0 0.852734 0.702778 0.075781 0.072222
0 0.500391 0.550694 0.033594 0.098611
0 0.530469 0.611111 0.073437 0.127778
0 0.619922 0.653472 0.128906 0.118056
0 0.109766 0.696528 0.102344 0.104167
0 0.154687 0.623611 0.046875 0.086111
0 0.827734 0.747222 0.038281 0.061111
0 0.764844 0.745139 0.090625 0.115278
0 0.706250 0.689583 0.046875 0.040278
0 0.625000 0.913889 0.109375 0.119444
0 0.506641 0.775000 0.136719 0.077778
0 0.483203 0.839583 0.092969 0.084722
0 0.606641 0.826389 0.075781 0.061111
0 0.542578 0.879861 0.071094 0.104167
0 0.301172 0.948611 0.122656 0.102778
0 0.328906 0.804167 0.078125 0.052778
0 0.355859 0.875000 0.074219 0.094444
0 0.386719 0.356944 0.323438 0.127778
0 0.649219 0.400694 0.209375 0.112500
0 0.664063 0.323611 0.090625 0.058333
0 0.819531 0.426389 0.129688 0.116667
0 0.234375 0.700000 0.146875 0.133333
0 0.924219 0.800000 0.150000 0.113889
0 0.850000 0.881250 0.107813 0.090278
0 0.953125 0.927083 0.092188 0.145833
