0 0.160938 0.820833 0.121875 0.350000
0 0.041016 0.810417 0.082031 0.329167
0 0.148047 0.121528 0.291406 0.240278
0 0.116406 0.429167 0.232812 0.386111
0 0.206641 0.572222 0.114844 0.177778
0 0.277344 0.695139 0.128125 0.123611
0 0.326562 0.019444 0.064062 0.080556
0 0.330469 0.893750 0.146875 0.212500
0 0.457031 0.793750 0.154687 0.126389
0 0.460547 0.972917 0.138281 0.054167
0 0.533203 0.906944 0.111719 0.147222
0 0.548828 0.089583 0.082031 0.120833
0 0.500391 0.207639 0.114844 0.201389
0 0.423828 0.368056 0.113281 0.391667
0 0.558203 0.347222 0.157031 0.144444
0 0.538281 0.493056 0.101563 0.250000
0 0.544141 0.693750 0.214844 0.190278
0 0.678516 0.538889 0.171094 0.233333
0 0.637891 0.175694 0.139844 0.201389
0 0.890625 0.166667 0.217187 0.322222
0 0.749219 0.231250 0.110937 0.162500
0 0.723047 0.360417 0.128906 0.190278
0 0.881250 0.478472 0.235938 0.301389
0 0.937109 0.786111 0.124219 0.175000
0 0.771484 0.763889 0.200781 0.213889
0 0.689062 0.926389 0.207813 0.147222
0 0.889063 0.938889 0.181250 0.122222
