0 0.156641 0.911806 0.063281 0.118056
0 0.027734 0.899306 0.055469 0.081944
0 0.282422 0.904167 0.119531 0.108333
0 0.835547 0.907639 0.089844 0.137500
0 0.857031 0.680556 0.062500 0.066667
0 0.499609 0.681250 0.044531 0.056944
0 0.460547 0.708333 0.046094 0.075000
0 0.657031 0.672917 0.140625 0.120833
0 0.575391 0.631250 0.039844 0.056944
0 0.546875 0.668056 0.042188 0.047222
0 0.464063 0.609028 0.068750 0.073611
0 0.384375 0.852778 0.082813 0.111111
0 0.423438 0.893056 0.078125 0.122222
0 0.588672 0.795139 0.117969 0.090278
0 0.547266 0.874306 0.103906 0.140278
0 0.692187 0.902083 0.182812 0.134722
0 0.976563 0.639583 0.046875 0.065278
0 0.961719 0.688889 0.076563 0.050000
0 0.955859 0.762500 0.088281 0.125000
0 0.953906 0.853472 0.092188 0.062500
0 0.965625 0.904167 0.068750 0.094444
0 0.200781 0.683333 0.079687 0.058333
0 0.160156 0.756944 0.112500 0.094444
0 0.094922 0.740972 0.078906 0.087500
0 0.144922 0.673611 0.042969 0.052778
0 0.094922 0.688194 0.041406 0.056944
0 0.045313 0.675694 0.090625 0.101389
0 0.786719 0.722222 0.123438 0.075000
0 0.856641 0.773611 0.103906 0.080556
