0 0.435156 0.168056 0.031250 0.058333
0 0.387891 0.521528 0.030469 0.059722
0 0.672266 0.563194 0.024219 0.040278
0 0.687891 0.493056 0.016406 0.030556
0 0.716016 0.697222 0.041406 0.069444
0 0.823047 0.767361 0.046094 0.079167
0 0.328516 0.766667 0.117969 0.091667
0 0.258203 0.804861 0.060156 0.076389
0 0.168359 0.938194 0.094531 0.101389
0 0.345703 0.645833 0.061719 0.080556
0 0.323828 0.561111 0.060156 0.063889
0 0.701953 0.547917 0.030469 0.043056
0 0.949219 0.802778 0.100000 0.100000
0 0.431641 0.715278 0.064844 0.150000
0 0.480859 0.771528 0.049219 0.090278
0 0.410547 0.850694 0.096094 0.120833
0 0.969141 0.738889 0.060156 0.063889
0 0.968359 0.668056 0.061719 0.069444
0 0.949219 0.916667 0.100000 0.166667
0 0.862109 0.897222 0.091406 0.102778
0 0.747266 0.406944 0.028906 0.036111
0 0.770703 0.438889 0.032031 0.033333
0 0.841797 0.436111 0.142969 0.063889
0 0.760938 0.782639 0.070313 0.109722
0 0.763281 0.705556 0.042188 0.083333
0 0.828125 0.702083 0.085938 0.081944
0 0.745313 0.622222 0.076563 0.058333
0 0.767187 0.591667 0.040625 0.038889
0 0.817578 0.639583 0.055469 0.068056
0 0.869531 0.624306 0.092188 0.076389
0 0.956641 0.599306 0.082031 0.070833
0 0.845703 0.561806 0.117969 0.054167
0 0.914844 0.541667 0.121875 0.080556
0 0.921484 0.490278 0.155469 0.044444
0 0.807813 0.489583 0.071875 0.059722
0 0.733984 0.547222 0.022656 0.036111
0 0.714453 0.476389 0.028906 0.050000
0 0.743359 0.464583 0.035156 0.043056
0 0.750000 0.517361 0.071875 0.073611
0 0.674219 0.983333 0.062500 0.033333
0 0.607031 0.762500 0.084375 0.100000
0 0.792969 0.866667 0.112500 0.100000
0 0.632813 0.867361 0.190625 0.154167
0 0.567578 0.972222 0.039844 0.055556
0 0.497266 0.836111 0.071094 0.102778
0 0.501953 0.940972 0.058594 0.118056
0 0.151953 0.800694 0.186719 0.206944
0 0.039453 0.800694 0.078906 0.209722
0 0.316797 0.617361 0.041406 0.059722
0 0.251563 0.592361 0.096875 0.137500
0 0.122266 0.663889 0.244531 0.080556
0 0.245703 0.504167 0.064844 0.063889
0 0.113281 0.545139 0.226563 0.154167
0 0.556250 0.495833 0.048437 0.055556
0 0.622266 0.493750 0.094531 0.062500
0 0.669922 0.525694 0.000781 0.001389
0 0.700000 0.425694 0.071875 0.079167
0 0.650781 0.444444 0.031250 0.072222
0 0.610547 0.427083 0.044531 0.045833
0 0.451562 0.441667 0.268750 0.083333
0 0.357422 0.468056 0.042969 0.033333
0 0.158594 0.419444 0.317187 0.091667
0 0.296875 0.486111 0.034375 0.075000
