0 0.795703 0.101389 0.092969 0.122222
0 0.568750 0.697222 0.085938 0.094444
0 0.580078 0.106250 0.099219 0.104167
0 0.162500 0.372917 0.325000 0.731944
0 0.319922 0.714583 0.208594 0.254167
0 0.499609 0.586806 0.114844 0.218056
0 0.418750 0.388194 0.176563 0.384722
0 0.526172 0.207639 0.069531 0.115278
0 0.590234 0.194444 0.057031 0.083333
0 0.713281 0.302083 0.085938 0.109722
0 0.603906 0.317361 0.146875 0.265278
0 0.650391 0.451389 0.113281 0.113889
0 0.879297 0.071528 0.074219 0.104167
0 0.952344 0.124306 0.093750 0.109722
0 0.930469 0.268056 0.137500 0.100000
0 0.816797 0.445139 0.203906 0.173611
0 0.965625 0.420139 0.067188 0.093056
0 0.885156 0.650000 0.228125 0.350000
0 0.743359 0.586806 0.047656 0.068056
