0 0.453516 0.779861 0.049219 0.084722
0 0.637500 0.853472 0.053125 0.079167
0 0.685156 0.977083 0.064062 0.045833
0 0.564062 0.986111 0.034375 0.027778
0 0.774609 0.956944 0.067969 0.086111
0 0.921094 0.959028 0.125000 0.081944
0 0.936328 0.890278 0.125781 0.097222
0 0.212500 0.900694 0.353125 0.198611
0 0.157813 0.700694 0.164063 0.112500
0 0.329688 0.686806 0.190625 0.220833
0 0.463672 0.593750 0.071094 0.056944
0 0.528516 0.572917 0.038281 0.037500
0 0.575781 0.714583 0.076563 0.034722
0 0.617578 0.731944 0.036719 0.047222
0 0.741406 0.881250 0.051562 0.070833
0 0.801953 0.891667 0.057031 0.113889
0 0.760156 0.786806 0.084375 0.076389
0 0.908984 0.827778 0.083594 0.050000
0 0.944922 0.720833 0.078906 0.044444
0 0.973047 0.786806 0.052344 0.098611
0 0.930078 0.625000 0.049219 0.038889
0 0.756641 0.556944 0.150781 0.052778
0 0.684375 0.718750 0.028125 0.040278
0 0.830859 0.770833 0.058594 0.075000
0 0.862891 0.588889 0.024219 0.036111
0 0.626172 0.665278 0.077344 0.072222
0 0.637891 0.586111 0.188281 0.086111
0 0.729688 0.677083 0.065625 0.084722
0 0.758203 0.620833 0.060156 0.063889
0 0.839453 0.628472 0.100781 0.048611
0 0.821875 0.652778 0.043750 0.038889
0 0.778906 0.670139 0.017188 0.029167
0 0.852344 0.681250 0.070313 0.023611
0 0.872266 0.730556 0.039844 0.075000
0 0.803906 0.729167 0.082813 0.061111
