0 0.357812 0.654167 0.301562 0.294444
0 0.749609 0.877778 0.210156 0.244444
0 0.767969 0.630556 0.265625 0.222222
0 0.578906 0.476389 0.128125 0.122222
0 0.176563 0.475694 0.353125 0.326389
0 0.076172 0.286111 0.152344 0.125000
0 0.088672 0.200000 0.108594 0.050000
0 0.497266 0.375000 0.150781 0.163889
0 0.432422 0.261111 0.225781 0.136111
0 0.656250 0.263194 0.190625 0.109722
0 0.667578 0.384722 0.171094 0.130556
0 0.880078 0.271528 0.238281 0.093056
0 0.819922 0.380556 0.122656 0.116667
0 0.942187 0.414583 0.114063 0.206944
0 0.980078 0.585417 0.038281 0.109722
0 0.858594 0.518750 0.165625 0.095833
