0 0.326953 0.468750 0.080469 0.223611
0 0.115625 0.173611 0.220313 0.277778
0 0.040234 0.881250 0.080469 0.237500
0 0.203125 0.625000 0.125000 0.111111
0 0.137891 0.747222 0.086719 0.122222
0 0.303125 0.225694 0.090625 0.134722
0 0.273047 0.329167 0.094531 0.080556
0 0.215625 0.422222 0.109375 0.138889
0 0.363281 0.830556 0.121875 0.125000
0 0.445313 0.406250 0.092188 0.279167
0 0.517187 0.092361 0.385938 0.184722
0 0.477734 0.581944 0.136719 0.163889
0 0.578516 0.646528 0.152344 0.126389
0 0.510547 0.854167 0.157031 0.291667
0 0.814453 0.940278 0.369531 0.119444
0 0.848047 0.713889 0.302344 0.308333
0 0.855469 0.322222 0.287500 0.458333
0 0.864453 0.035417 0.269531 0.068056
0 0.603516 0.379861 0.189844 0.356944
0 0.642969 0.591667 0.087500 0.075000
