0 0.751562 0.280556 0.050000 0.083333
0 0.350781 0.955556 0.028125 0.047222
0 0.708984 0.762500 0.108594 0.061111
0 0.955469 0.920139 0.037500 0.056944
0 0.800000 0.970139 0.073437 0.059722
0 0.672656 0.948611 0.189063 0.102778
0 0.033594 0.961111 0.067188 0.077778
0 0.071094 0.925694 0.026563 0.045833
0 0.612891 0.797222 0.138281 0.100000
0 0.651563 0.875694 0.029687 0.031944
0 0.583594 0.877083 0.104687 0.068056
0 0.576172 0.927778 0.032031 0.025000
0 0.520703 0.861806 0.024219 0.031944
0 0.144531 0.915972 0.115625 0.059722
0 0.208203 0.979167 0.064844 0.041667
0 0.226172 0.936806 0.024219 0.051389
0 0.261328 0.915278 0.047656 0.058333
0 0.524219 0.777083 0.076563 0.101389
0 0.423047 0.754861 0.167969 0.145833
0 0.410547 0.852778 0.142969 0.061111
0 0.464063 0.869444 0.053125 0.055556
0 0.311719 0.895139 0.042188 0.051389
0 0.273047 0.800000 0.127344 0.197222
0 0.187109 0.800694 0.046094 0.115278
0 0.132813 0.827083 0.082813 0.120833
0 0.044531 0.840278 0.089062 0.127778
