0 0.362500 0.765972 0.103125 0.112500
0 0.371875 0.916667 0.150000 0.166667
0 0.224219 0.923611 0.123438 0.152778
0 0.078125 0.925694 0.156250 0.148611
0 0.135937 0.788194 0.187500 0.151389
0 0.160547 0.677778 0.316406 0.208333
0 0.557813 0.969444 0.035937 0.061111
0 0.906641 0.646528 0.071094 0.068056
0 0.585547 0.711806 0.042969 0.095833
0 0.516016 0.770139 0.099219 0.201389
0 0.580859 0.888194 0.052344 0.081944
0 0.616797 0.638194 0.107031 0.098611
0 0.623438 0.738194 0.060938 0.123611
0 0.719922 0.653472 0.096094 0.120833
0 0.649609 0.870833 0.088281 0.258333
0 0.730469 0.852778 0.073437 0.127778
0 0.883984 0.729861 0.230469 0.212500
0 0.853516 0.927083 0.291406 0.145833
0 0.757031 0.759028 0.082813 0.045833
