0 0.060547 0.843750 0.121094 0.306944
0 0.273438 0.928472 0.132813 0.143056
0 0.685938 0.733333 0.103125 0.161111
0 0.273047 0.545833 0.108594 0.108333
0 0.458203 0.795139 0.066406 0.104167
0 0.560938 0.725000 0.148438 0.144444
0 0.429688 0.745139 0.132813 0.104167
0 0.382813 0.649306 0.150000 0.076389
0 0.292578 0.734028 0.144531 0.176389
0 0.586719 0.881250 0.073437 0.170833
0 0.678516 0.921528 0.174219 0.156944
0 0.881641 0.877083 0.235156 0.245833
0 0.763281 0.493056 0.060938 0.061111
0 0.371094 0.462500 0.142188 0.147222
0 0.266016 0.475694 0.077344 0.040278
0 0.502344 0.498611 0.146875 0.141667
0 0.592188 0.501389 0.032812 0.047222
0 0.646094 0.538889 0.085938 0.097222
0 0.724609 0.585417 0.114844 0.098611
0 0.723828 0.526389 0.030469 0.050000
0 0.790625 0.583333 0.029687 0.075000
0 0.896875 0.581250 0.204688 0.356944
