0 0.151562 0.227083 0.040625 0.056944
0 0.592969 0.501389 0.145313 0.461111
0 0.430859 0.906944 0.110156 0.186111
0 0.581641 0.195833 0.111719 0.194444
0 0.551172 0.055556 0.108594 0.097222
0 0.135156 0.045139 0.075000 0.076389
0 0.262891 0.416667 0.078906 0.108333
0 0.092969 0.709722 0.185937 0.408333
0 0.244141 0.588194 0.105469 0.187500
0 0.380469 0.675694 0.203125 0.223611
0 0.455859 0.459722 0.207031 0.322222
0 0.383984 0.343750 0.061719 0.198611
0 0.286719 0.276389 0.089062 0.138889
0 0.306641 0.393750 0.072656 0.115278
0 0.214453 0.113889 0.071094 0.144444
0 0.420312 0.099306 0.248437 0.162500
0 0.458203 0.243056 0.180469 0.113889
