0 0.900391 0.695139 0.197656 0.201389
0 0.052344 0.195139 0.104687 0.248611
0 0.055469 0.530556 0.110937 0.275000
0 0.523047 0.102778 0.138281 0.188889
0 0.765625 0.133333 0.214062 0.252778
0 0.591406 0.279861 0.120312 0.245833
0 0.702344 0.397917 0.185937 0.226389
0 0.403906 0.266667 0.160938 0.161111
0 0.343359 0.503472 0.124219 0.293056
0 0.261328 0.328472 0.099219 0.195833
0 0.206641 0.490278 0.111719 0.152778
0 0.114453 0.779861 0.228906 0.420833
0 0.275000 0.849306 0.140625 0.301389
0 0.567187 0.911806 0.175000 0.176389
0 0.827344 0.920833 0.148438 0.158333
0 0.706641 0.743750 0.185156 0.356944
0 0.544922 0.641667 0.203906 0.363889
