0 0.071875 0.413194 0.143750 0.168056
0 0.116406 0.540278 0.232812 0.211111
0 0.076953 0.827083 0.153906 0.318056
0 0.230859 0.758333 0.125781 0.163889
0 0.276172 0.892361 0.082031 0.148611
0 0.196875 0.961111 0.117188 0.077778
0 0.762109 0.266667 0.232031 0.230556
0 0.753516 0.072917 0.114844 0.134722
0 0.458203 0.908333 0.124219 0.183333
0 0.348828 0.654861 0.221094 0.295833
0 0.278906 0.415278 0.079687 0.172222
0 0.595703 0.565278 0.074219 0.125000
0 0.529297 0.550694 0.050781 0.129167
0 0.478125 0.548611 0.037500 0.105556
0 0.507422 0.249306 0.385156 0.493056
0 0.728125 0.520833 0.090625 0.108333
0 0.823047 0.648611 0.111719 0.144444
0 0.913281 0.787500 0.106250 0.111111
0 0.723437 0.816667 0.456250 0.366667
0 0.700391 0.611806 0.107031 0.140278
