0 0.227344 0.129167 0.239063 0.247222
0 0.064062 0.431250 0.128125 0.190278
0 0.114063 0.622917 0.228125 0.198611
0 0.092578 0.870833 0.185156 0.258333
0 0.224219 0.888889 0.096875 0.222222
0 0.299609 0.593750 0.121094 0.284722
0 0.339844 0.372917 0.117188 0.204167
0 0.912891 0.148611 0.172656 0.294444
0 0.738281 0.275694 0.098438 0.184722
0 0.535937 0.075000 0.289063 0.150000
0 0.541406 0.348611 0.289063 0.430556
0 0.406641 0.570833 0.083594 0.091667
0 0.532812 0.654167 0.148438 0.133333
0 0.516406 0.854861 0.345313 0.284722
0 0.309766 0.860417 0.063281 0.084722
0 0.313672 0.960417 0.063281 0.079167
0 0.840625 0.481250 0.317187 0.359722
0 0.864062 0.726389 0.270312 0.136111
0 0.849609 0.896528 0.299219 0.206944
