0 0.606641 0.127778 0.125781 0.161111
0 0.673437 0.023611 0.046875 0.044444
0 0.787891 0.221528 0.022656 0.062500
0 0.362109 0.513194 0.210156 0.423611
0 0.300000 0.800694 0.135937 0.187500
0 0.324609 0.949306 0.135156 0.101389
0 0.515234 0.943750 0.263281 0.112500
0 0.637500 0.407639 0.193750 0.212500
0 0.477344 0.637500 0.193750 0.475000
0 0.620313 0.563194 0.100000 0.098611
0 0.616406 0.691667 0.026563 0.136111
0 0.684766 0.798611 0.107031 0.341667
0 0.590234 0.731250 0.030469 0.184722
0 0.990625 0.334722 0.017188 0.116667
0 0.922266 0.454167 0.153906 0.344444
0 0.964063 0.702083 0.070313 0.137500
0 0.903906 0.739583 0.059375 0.143056
0 0.781641 0.478472 0.121094 0.273611
0 0.803516 0.718056 0.122656 0.163889
