0 0.536328 0.726389 0.057031 0.105556
0 0.480078 0.829861 0.127344 0.126389
0 0.469922 0.955556 0.141406 0.088889
0 0.371094 0.967361 0.042188 0.065278
0 0.311719 0.974306 0.053125 0.051389
0 0.131641 0.697917 0.263281 0.198611
0 0.261328 0.724306 0.280469 0.154167
0 0.195703 0.886806 0.260156 0.220833
0 0.288672 0.819444 0.067969 0.097222
0 0.978516 0.872917 0.041406 0.101389
0 0.931641 0.738194 0.135156 0.140278
0 0.778125 0.765972 0.156250 0.229167
0 0.917578 0.943750 0.163281 0.156944
0 0.650781 0.836806 0.173438 0.320833
0 0.793359 0.954861 0.082031 0.090278
