0 0.850391 0.872222 0.288281 0.255556
0 0.781641 0.342361 0.000781 0.045833
0 0.860156 0.533333 0.190625 0.325000
0 0.956250 0.696528 0.001563 0.001389
0 0.712500 0.412500 0.079687 0.086111
0 0.157813 0.963194 0.046875 0.073611
0 0.075781 0.875694 0.129688 0.101389
0 0.046484 0.965972 0.069531 0.068056
0 0.110156 0.977778 0.050000 0.044444
0 0.756250 0.640278 0.185937 0.355556
0 0.066797 0.776389 0.083594 0.113889
0 0.031641 0.742361 0.063281 0.093056
0 0.086719 0.667361 0.079687 0.056944
0 0.644922 0.702778 0.033594 0.072222
0 0.650781 0.921528 0.032812 0.059722
0 0.576172 0.958333 0.146094 0.075000
0 0.669531 0.815972 0.112500 0.154167
0 0.232812 0.709028 0.156250 0.481944
0 0.113281 0.612500 0.078125 0.058333
0 0.141797 0.729167 0.049219 0.175000
0 0.352734 0.753472 0.094531 0.493056
0 0.280469 0.980556 0.034375 0.038889
0 0.214844 0.975000 0.039063 0.050000
0 0.510938 0.795139 0.217187 0.237500
0 0.445313 0.642361 0.092188 0.059722
0 0.467578 0.945833 0.041406 0.075000
0 0.414844 0.977778 0.026563 0.044444
