0 0.477734 0.736806 0.030469 0.040278
0 0.404687 0.620833 0.018750 0.041667
0 0.377734 0.636111 0.017969 0.041667
0 0.588281 0.806250 0.025000 0.048611
0 0.935156 0.693750 0.128125 0.201389
0 0.926172 0.804861 0.052344 0.073611
0 0.979297 0.845139 0.039844 0.062500
0 0.817187 0.593750 0.029687 0.054167
0 0.839063 0.703472 0.021875 0.056944
0 0.350781 0.779861 0.048437 0.076389
0 0.579687 0.670833 0.015625 0.038889
0 0.603516 0.589583 0.016406 0.034722
0 0.476563 0.560417 0.026563 0.040278
0 0.348047 0.667361 0.038281 0.029167
0 0.753516 0.770833 0.053906 0.052778
0 0.640234 0.861806 0.021094 0.037500
0 0.619141 0.803472 0.019531 0.054167
0 0.653125 0.800000 0.046875 0.058333
0 0.604297 0.660417 0.022656 0.031944
0 0.628125 0.657639 0.023438 0.031944
0 0.646484 0.622917 0.055469 0.068056
0 0.368359 0.580556 0.022656 0.038889
0 0.350391 0.588889 0.021094 0.044444
0 0.342187 0.873611 0.073437 0.063889
0 0.299219 0.902083 0.029687 0.051389
0 0.729297 0.519444 0.092969 0.072222
0 0.201562 0.540278 0.271875 0.097222
0 0.401172 0.536111 0.125781 0.088889
0 0.672266 0.488889 0.014844 0.047222
0 0.518359 0.554167 0.042969 0.033333
0 0.501953 0.514583 0.075781 0.040278
0 0.512891 0.594444 0.039844 0.044444
0 0.562109 0.600694 0.050781 0.051389
0 0.671484 0.531250 0.022656 0.031944
0 0.598828 0.510417 0.116406 0.070833
0 0.579297 0.559028 0.038281 0.020833
0 0.623828 0.569444 0.027344 0.047222
0 0.652344 0.564583 0.032812 0.031944
0 0.771484 0.600000 0.061719 0.055556
0 0.707422 0.589583 0.074219 0.062500
0 0.731641 0.629861 0.027344 0.023611
0 0.766406 0.643750 0.021875 0.023611
0 0.739453 0.652778 0.044531 0.022222
0 0.697266 0.677083 0.089844 0.048611
0 0.755078 0.697222 0.052344 0.055556
0 0.768359 0.731944 0.013281 0.030556
0 0.319922 0.618750 0.025781 0.062500
0 0.336719 0.699306 0.032812 0.040278
0 0.332031 0.739583 0.023438 0.034722
0 0.408594 0.832639 0.053125 0.140278
0 0.873828 0.827778 0.063281 0.075000
0 0.804688 0.693750 0.032812 0.037500
0 0.821094 0.731944 0.035937 0.047222
0 0.857031 0.759722 0.026563 0.044444
0 0.818359 0.780556 0.057031 0.052778
0 0.777344 0.839583 0.132813 0.087500
0 0.856641 0.922222 0.063281 0.077778
0 0.937891 0.949306 0.111719 0.101389
0 0.846875 0.984722 0.035937 0.030556
0 0.630469 0.911806 0.025000 0.040278
0 0.397266 0.942361 0.072656 0.076389
0 0.479688 0.914583 0.093750 0.170833
0 0.573438 0.922917 0.093750 0.098611
0 0.606641 0.870139 0.039844 0.079167
0 0.644141 0.950000 0.038281 0.055556
0 0.703125 0.951389 0.084375 0.097222
0 0.706641 0.878472 0.053906 0.070833
0 0.755078 0.914583 0.042969 0.079167
0 0.784375 0.972917 0.068750 0.054167
0 0.027734 0.963194 0.055469 0.073611
0 0.257422 0.978472 0.047656 0.043056
0 0.135547 0.934028 0.116406 0.131944
0 0.240234 0.896528 0.092969 0.143056
0 0.290234 0.715972 0.058594 0.104167
0 0.282813 0.634028 0.039063 0.079167
0 0.181641 0.681250 0.160156 0.179167
0 0.053125 0.765278 0.106250 0.136111
0 0.191406 0.815278 0.175000 0.105556
0 0.054297 0.877778 0.108594 0.108333
