0 0.865625 0.761806 0.056250 0.068056
0 0.754687 0.650000 0.035937 0.044444
0 0.455078 0.750694 0.030469 0.051389
0 0.604688 0.758333 0.026563 0.055556
0 0.565234 0.720833 0.041406 0.055556
0 0.243750 0.786111 0.034375 0.072222
0 0.400391 0.733333 0.022656 0.058333
0 0.653906 0.950000 0.045313 0.077778
0 0.571094 0.938889 0.114063 0.122222
0 0.095703 0.877083 0.191406 0.115278
0 0.698828 0.872222 0.060156 0.072222
0 0.758594 0.935417 0.084375 0.051389
0 0.796484 0.975694 0.105469 0.048611
0 0.354688 0.729861 0.050000 0.054167
0 0.292969 0.738889 0.037500 0.058333
0 0.034766 0.709722 0.069531 0.091667
0 0.006250 0.780556 0.012500 0.050000
0 0.113281 0.709722 0.134375 0.205556
0 0.356250 0.664583 0.350000 0.154167
0 0.600391 0.615278 0.142969 0.161111
0 0.539063 0.706944 0.020312 0.038889
0 0.678516 0.674306 0.102344 0.112500
0 0.646094 0.769444 0.050000 0.083333
0 0.759766 0.716667 0.058594 0.038889
0 0.940234 0.960417 0.117969 0.079167
0 0.708984 0.804861 0.074219 0.056944
0 0.757813 0.774306 0.131250 0.084722
0 0.822266 0.850000 0.121094 0.097222
0 0.910156 0.871528 0.076563 0.093056
0 0.863672 0.923611 0.047656 0.063889
