0 0.919141 0.115278 0.161719 0.230556
0 0.857813 0.954167 0.118750 0.091667
0 0.743750 0.974306 0.039063 0.051389
0 0.698438 0.893750 0.076563 0.151389
0 0.609375 0.979167 0.057813 0.041667
0 0.645312 0.259722 0.073437 0.072222
0 0.625391 0.346528 0.064844 0.076389
0 0.532031 0.294444 0.040625 0.077778
0 0.544141 0.557639 0.032031 0.040278
0 0.738281 0.741667 0.051562 0.052778
0 0.710547 0.795139 0.044531 0.070833
0 0.837500 0.360417 0.215625 0.187500
0 0.494141 0.404167 0.052344 0.058333
0 0.502734 0.456944 0.035156 0.047222
0 0.654297 0.739583 0.032031 0.045833
0 0.662109 0.709028 0.089844 0.101389
0 0.609375 0.714583 0.025000 0.093056
0 0.764844 0.053472 0.054688 0.112500
0 0.552734 0.340972 0.061719 0.043056
0 0.539844 0.384028 0.028125 0.070833
0 0.573828 0.445139 0.063281 0.081944
0 0.526172 0.522917 0.111719 0.087500
0 0.146484 0.863889 0.199219 0.272222
0 0.140625 0.663194 0.106250 0.137500
0 0.278906 0.126389 0.032812 0.091667
0 0.301953 0.071528 0.044531 0.079167
0 0.620703 0.150000 0.052344 0.066667
0 0.576172 0.181944 0.039844 0.100000
0 0.455078 0.090278 0.255469 0.180556
0 0.325000 0.164583 0.054688 0.073611
0 0.488281 0.268056 0.068750 0.063889
0 0.386719 0.220833 0.190625 0.086111
0 0.273828 0.259028 0.039844 0.070833
0 0.736719 0.504861 0.064062 0.051389
0 0.718359 0.402083 0.025781 0.109722
0 0.682422 0.386806 0.044531 0.076389
0 0.694922 0.479167 0.025781 0.080556
0 0.652734 0.447917 0.055469 0.051389
0 0.635156 0.479167 0.046875 0.044444
0 0.646875 0.520833 0.046875 0.038889
0 0.694141 0.559722 0.025781 0.080556
0 0.641797 0.609028 0.080469 0.115278
0 0.598437 0.865278 0.057813 0.113889
0 0.573438 0.695833 0.039063 0.080556
0 0.117188 0.527778 0.164063 0.130556
0 0.175781 0.409722 0.045313 0.088889
0 0.091406 0.407639 0.076563 0.045833
0 0.126953 0.438889 0.075781 0.047222
0 0.142578 0.052778 0.285156 0.105556
0 0.275781 0.196528 0.037500 0.068056
0 0.459375 0.361806 0.065625 0.087500
0 0.295703 0.952778 0.094531 0.094444
0 0.224609 0.674306 0.057031 0.084722
0 0.405078 0.316667 0.082031 0.105556
0 0.450000 0.453472 0.031250 0.051389
0 0.448828 0.512500 0.044531 0.091667
0 0.312891 0.302083 0.097656 0.084722
0 0.288281 0.390278 0.082813 0.097222
0 0.342578 0.410417 0.050781 0.090278
0 0.388281 0.412500 0.048437 0.072222
0 0.420703 0.435417 0.042969 0.070833
0 0.246875 0.528472 0.073437 0.126389
0 0.366797 0.485417 0.002344 0.001389
0 0.399609 0.447222 0.000781 0.005556
0 0.596484 0.788889 0.025781 0.047222
0 0.366406 0.477083 0.100000 0.056944
0 0.338672 0.599306 0.172656 0.206944
0 0.440625 0.640972 0.046875 0.090278
0 0.465234 0.567361 0.002344 0.004167
0 0.433203 0.596528 0.063281 0.051389
0 0.491406 0.606944 0.053125 0.069444
0 0.532812 0.622222 0.053125 0.044444
0 0.296484 0.799306 0.135156 0.201389
0 0.410156 0.767361 0.092188 0.170833
0 0.494141 0.748611 0.074219 0.205556
0 0.506641 0.893056 0.122656 0.088889
0 0.405859 0.928472 0.105469 0.143056
0 0.556641 0.772222 0.049219 0.141667
0 0.146094 0.193750 0.257813 0.179167
0 0.132031 0.334722 0.153125 0.100000
0 0.698438 0.104861 0.064062 0.081944
0 0.698047 0.027083 0.055469 0.045833
0 0.642187 0.024306 0.037500 0.043056
0 0.654688 0.100000 0.037500 0.116667
