0 0.075781 0.500694 0.151562 0.109722
0 0.071484 0.640972 0.142969 0.184722
0 0.115625 0.878472 0.231250 0.237500
0 0.871484 0.880556 0.138281 0.102778
0 0.822656 0.954167 0.201562 0.086111
0 0.262891 0.231250 0.000781 0.004167
0 0.199609 0.123611 0.130469 0.186111
0 0.041406 0.094444 0.082813 0.127778
0 0.134375 0.140972 0.090625 0.126389
0 0.093750 0.248611 0.112500 0.125000
0 0.114063 0.033333 0.075000 0.061111
0 0.105078 0.140972 0.092969 0.154167
0 0.318359 0.058333 0.058594 0.116667
0 0.264062 0.091667 0.050000 0.177778
0 0.348047 0.145833 0.107031 0.183333
0 0.437891 0.073611 0.074219 0.147222
0 0.387109 0.030556 0.046094 0.061111
0 0.577734 0.036806 0.174219 0.068056
0 0.512891 0.134722 0.078906 0.177778
0 0.417578 0.206944 0.069531 0.150000
0 0.247266 0.512500 0.116406 0.155556
0 0.173438 0.352778 0.085938 0.172222
0 0.313672 0.309028 0.089844 0.181944
0 0.248047 0.338889 0.119531 0.233333
0 0.579297 0.205556 0.067969 0.097222
0 0.648047 0.094444 0.166406 0.113889
0 0.710938 0.134722 0.128125 0.138889
0 0.624609 0.213889 0.044531 0.097222
0 0.665625 0.250000 0.118750 0.105556
0 0.294922 0.921528 0.144531 0.151389
0 0.339844 0.448611 0.095312 0.191667
0 0.439453 0.351389 0.153906 0.250000
0 0.716016 0.350694 0.121094 0.176389
0 0.622266 0.325694 0.072656 0.143056
0 0.552734 0.306944 0.094531 0.066667
0 0.544922 0.361111 0.097656 0.055556
0 0.557813 0.431250 0.090625 0.106944
0 0.651953 0.453472 0.135156 0.143056
0 0.779688 0.513194 0.203125 0.176389
0 0.826953 0.659722 0.132031 0.222222
0 0.747656 0.811111 0.120312 0.177778
0 0.483594 0.513889 0.181250 0.108333
0 0.412891 0.575694 0.138281 0.159722
0 0.374609 0.646528 0.167969 0.162500
0 0.347266 0.816667 0.107031 0.208333
0 0.624609 0.556250 0.121094 0.098611
0 0.567187 0.642361 0.193750 0.129167
0 0.719922 0.627083 0.157031 0.176389
0 0.485938 0.740972 0.156250 0.140278
0 0.612109 0.793056 0.105469 0.172222
0 0.649609 0.938194 0.183594 0.118056
0 0.551562 0.818750 0.070313 0.093056
0 0.451562 0.832639 0.096875 0.115278
0 0.429297 0.935417 0.105469 0.123611
0 0.514844 0.865972 0.059375 0.118056
0 0.517578 0.946528 0.091406 0.101389
