0 0.612500 0.165972 0.131250 0.268056
0 0.029297 0.174306 0.058594 0.193056
0 0.076172 0.404167 0.152344 0.216667
0 0.983203 0.386111 0.032031 0.069444
0 0.940234 0.496528 0.100781 0.104167
0 0.815625 0.855556 0.056250 0.066667
0 0.905078 0.947222 0.188281 0.105556
0 0.401563 0.445139 0.106250 0.159722
0 0.245312 0.465278 0.193750 0.191667
0 0.136719 0.745139 0.273438 0.379167
0 0.423438 0.564583 0.040625 0.068056
0 0.542578 0.462500 0.072656 0.116667
0 0.358203 0.586111 0.067969 0.100000
0 0.300391 0.709028 0.078906 0.162500
0 0.337891 0.775694 0.060156 0.123611
0 0.281641 0.950694 0.327344 0.090278
0 0.420312 0.710417 0.098438 0.154167
0 0.485156 0.552778 0.046875 0.105556
0 0.708594 0.481944 0.160938 0.258333
0 0.783984 0.627778 0.124219 0.091667
0 0.575391 0.663194 0.075781 0.118056
0 0.526953 0.633333 0.094531 0.227778
0 0.642969 0.892361 0.287500 0.215278
0 0.446094 0.829167 0.106250 0.161111
0 0.481250 0.943750 0.081250 0.112500
0 0.674609 0.693750 0.119531 0.165278
0 0.593750 0.744444 0.057813 0.080556
