0 0.486328 0.138889 0.253906 0.277778
0 0.564062 0.323611 0.140625 0.094444
0 0.442578 0.368056 0.099219 0.108333
0 0.535156 0.427083 0.060938 0.126389
0 0.492188 0.458333 0.045313 0.100000
0 0.427344 0.477778 0.071875 0.113889
0 0.806250 0.262500 0.385938 0.525000
0 0.705859 0.646528 0.516406 0.220833
0 0.582422 0.481250 0.075781 0.123611
0 0.607813 0.880556 0.351563 0.238889
0 0.214844 0.452083 0.429688 0.890278
0 0.051172 0.949306 0.102344 0.101389
0 0.298828 0.952778 0.072656 0.094444
0 0.173047 0.934722 0.139844 0.130556
0 0.857031 0.789583 0.070313 0.059722
