0 0.576953 0.771528 0.046094 0.079167
0 0.607813 0.877083 0.189063 0.179167
0 0.715234 0.838194 0.044531 0.040278
0 0.721484 0.882639 0.035156 0.029167
0 0.767187 0.855556 0.029687 0.072222
0 0.801562 0.786806 0.051562 0.059722
0 0.887891 0.668056 0.030469 0.072222
0 0.709766 0.170833 0.027344 0.075000
0 0.744922 0.211111 0.025781 0.041667
0 0.698828 0.031250 0.033594 0.056944
0 0.853516 0.138889 0.027344 0.069444
0 0.820703 0.102083 0.028906 0.048611
0 0.816016 0.141667 0.041406 0.075000
0 0.882031 0.190972 0.023438 0.045833
0 0.844531 0.216667 0.037500 0.061111
0 0.833594 0.659028 0.034375 0.054167
0 0.946484 0.726389 0.105469 0.150000
0 0.646094 0.684722 0.026563 0.055556
0 0.657031 0.599306 0.028125 0.034722
0 0.703125 0.547917 0.042188 0.112500
0 0.594141 0.695139 0.022656 0.065278
0 0.614062 0.638889 0.028125 0.047222
0 0.588281 0.628472 0.015625 0.043056
0 0.500000 0.710417 0.031250 0.051389
0 0.527344 0.714583 0.025000 0.048611
0 0.363281 0.067361 0.054688 0.073611
0 0.532031 0.522222 0.039063 0.052778
0 0.554297 0.547917 0.017969 0.031944
0 0.653125 0.388194 0.032812 0.062500
0 0.606641 0.439583 0.033594 0.056944
0 0.611719 0.351389 0.025000 0.036111
0 0.582031 0.377083 0.021875 0.051389
0 0.562109 0.369444 0.021094 0.055556
0 0.615625 0.396528 0.028125 0.040278
0 0.432813 0.628472 0.025000 0.056944
0 0.441406 0.524306 0.018750 0.026389
0 0.443359 0.568750 0.042969 0.062500
0 0.086328 0.213194 0.171094 0.423611
0 0.168750 0.459028 0.078125 0.065278
0 0.219531 0.639583 0.128125 0.301389
0 0.335156 0.715278 0.106250 0.227778
0 0.459766 0.835417 0.007031 0.001389
0 0.423828 0.774306 0.074219 0.204167
0 0.475391 0.790972 0.033594 0.084722
0 0.462109 0.067361 0.103906 0.112500
0 0.251953 0.050000 0.163281 0.094444
0 0.312109 0.138194 0.032031 0.068056
0 0.229297 0.204167 0.110156 0.213889
0 0.253906 0.417361 0.150000 0.206944
0 0.353906 0.593750 0.132813 0.134722
0 0.328906 0.249306 0.087500 0.126389
0 0.361328 0.134028 0.028906 0.054167
0 0.393750 0.130556 0.025000 0.061111
0 0.808984 0.011806 0.041406 0.031944
0 0.849219 0.045833 0.023438 0.047222
0 0.788281 0.231250 0.025000 0.045833
0 0.425781 0.145833 0.029687 0.044444
0 0.419922 0.231944 0.082031 0.138889
0 0.508203 0.363194 0.036719 0.118056
0 0.539453 0.429861 0.019531 0.051389
0 0.567187 0.452083 0.031250 0.054167
0 0.928906 0.061806 0.140625 0.118056
0 0.957812 0.152083 0.039063 0.045833
0 0.920703 0.301389 0.099219 0.086111
0 0.951172 0.207639 0.096094 0.090278
0 0.744922 0.324306 0.085156 0.093056
0 0.793359 0.277083 0.024219 0.048611
0 0.828125 0.333333 0.040625 0.172222
0 0.929297 0.452778 0.139844 0.200000
0 0.901563 0.575000 0.021875 0.047222
0 0.790234 0.415972 0.033594 0.048611
0 0.816797 0.480556 0.052344 0.063889
0 0.695313 0.418056 0.050000 0.077778
0 0.750391 0.453472 0.057031 0.109722
0 0.771875 0.673611 0.064062 0.150000
0 0.800781 0.562500 0.118750 0.100000
0 0.636719 0.506250 0.039063 0.079167
0 0.600781 0.504861 0.026563 0.051389
0 0.597656 0.568750 0.040625 0.073611
0 0.407031 0.415972 0.151562 0.209722
0 0.495313 0.543750 0.054688 0.156944
0 0.552344 0.611806 0.039063 0.059722
0 0.491016 0.647917 0.016406 0.037500
0 0.533594 0.654861 0.057813 0.051389
