0 0.316797 0.946528 0.094531 0.106944
0 0.412109 0.961111 0.064844 0.077778
0 0.547266 0.891667 0.041406 0.080556
0 0.123047 0.343056 0.246094 0.283333
0 0.276172 0.247917 0.061719 0.173611
0 0.066406 0.616667 0.132813 0.244444
0 0.082422 0.880556 0.164844 0.183333
0 0.915625 0.907639 0.067188 0.145833
0 0.542188 0.984722 0.054688 0.030556
0 0.609766 0.943750 0.069531 0.112500
0 0.164063 0.656250 0.089062 0.184722
0 0.238672 0.570139 0.114844 0.115278
0 0.326172 0.668056 0.064844 0.125000
0 0.246875 0.802778 0.165625 0.211111
0 0.479297 0.694444 0.103906 0.186111
0 0.844141 0.930556 0.075781 0.133333
0 0.726953 0.908333 0.161719 0.183333
0 0.771094 0.387500 0.092188 0.127778
0 0.358203 0.470139 0.217969 0.251389
0 0.744922 0.068750 0.180469 0.137500
0 0.685547 0.318750 0.067969 0.101389
0 0.473047 0.216667 0.358594 0.427778
0 0.654297 0.631250 0.313281 0.520833
0 0.846094 0.604861 0.073437 0.081944
0 0.850391 0.484028 0.086719 0.134722
