0 0.273828 0.040972 0.114844 0.070833
0 0.051562 0.078472 0.103125 0.143056
0 0.030469 0.211806 0.060938 0.123611
0 0.076953 0.286806 0.113281 0.084722
0 0.062109 0.372222 0.124219 0.083333
0 0.077344 0.490278 0.154687 0.088889
0 0.108984 0.560417 0.155469 0.098611
0 0.198828 0.417361 0.107031 0.218056
0 0.158594 0.188194 0.162500 0.073611
0 0.210938 0.265972 0.104687 0.090278
0 0.139844 0.063194 0.056250 0.115278
0 0.242578 0.136806 0.141406 0.101389
0 0.941406 0.090278 0.115625 0.133333
0 0.747656 0.234722 0.107813 0.233333
0 0.777734 0.088194 0.144531 0.126389
0 0.839063 0.140972 0.078125 0.106944
0 0.875391 0.192361 0.141406 0.137500
0 0.905469 0.317361 0.187500 0.195833
0 0.950000 0.495833 0.098438 0.141667
0 0.962109 0.657639 0.074219 0.173611
0 0.610156 0.064583 0.068750 0.129167
0 0.613672 0.156250 0.099219 0.093056
0 0.501562 0.026389 0.118750 0.052778
0 0.435937 0.079861 0.179688 0.098611
0 0.444922 0.148611 0.164844 0.075000
0 0.496484 0.219444 0.041406 0.066667
0 0.365234 0.279861 0.063281 0.193056
0 0.425000 0.299306 0.073437 0.159722
0 0.642187 0.313889 0.096875 0.141667
0 0.548047 0.167361 0.047656 0.231944
0 0.564844 0.300000 0.068750 0.077778
0 0.490234 0.269444 0.063281 0.077778
0 0.492188 0.339583 0.059375 0.062500
0 0.289063 0.286806 0.064062 0.156944
0 0.337891 0.393750 0.064844 0.045833
0 0.280078 0.413889 0.042969 0.080556
0 0.312891 0.466667 0.050781 0.072222
0 0.226563 0.602778 0.082813 0.077778
0 0.291016 0.548611 0.102344 0.058333
0 0.305078 0.606250 0.064844 0.068056
0 0.322266 0.698611 0.044531 0.069444
0 0.267969 0.650694 0.051562 0.037500
0 0.262109 0.704167 0.067969 0.063889
0 0.185937 0.675000 0.043750 0.066667
0 0.143750 0.730556 0.096875 0.080556
0 0.206250 0.754167 0.050000 0.127778
0 0.278516 0.782639 0.071094 0.070833
0 0.355859 0.742361 0.075781 0.120833
0 0.429297 0.661111 0.082031 0.102778
0 0.368750 0.594444 0.040625 0.175000
0 0.416406 0.492361 0.148438 0.131944
0 0.423438 0.402083 0.078125 0.065278
0 0.580469 0.424306 0.106250 0.209722
0 0.505078 0.425000 0.060156 0.122222
0 0.580469 0.595833 0.090625 0.152778
0 0.680078 0.697917 0.116406 0.090278
0 0.644531 0.628472 0.045313 0.079167
0 0.521484 0.581944 0.063281 0.150000
0 0.483594 0.672917 0.037500 0.062500
0 0.499609 0.729167 0.032031 0.077778
0 0.438281 0.751389 0.070313 0.086111
0 0.381641 0.830556 0.058594 0.091667
0 0.392188 0.924306 0.042188 0.118056
0 0.463672 0.840972 0.103906 0.151389
0 0.538672 0.693750 0.069531 0.065278
0 0.584375 0.808333 0.117188 0.102778
0 0.568359 0.744444 0.107031 0.080556
0 0.560156 0.900694 0.057813 0.095833
0 0.437891 0.931944 0.064844 0.075000
0 0.683594 0.804167 0.057813 0.097222
0 0.650000 0.940278 0.120312 0.119444
0 0.741016 0.909722 0.099219 0.077778
0 0.760156 0.813194 0.093750 0.115278
0 0.824609 0.818056 0.033594 0.113889
0 0.896875 0.835417 0.092188 0.081944
0 0.964844 0.852083 0.042188 0.104167
0 0.945313 0.925000 0.107813 0.094444
0 0.887109 0.943056 0.080469 0.113889
0 0.842188 0.963194 0.050000 0.073611
0 0.755859 0.362500 0.117969 0.102778
0 0.723047 0.434028 0.111719 0.098611
0 0.705859 0.513194 0.055469 0.065278
0 0.812891 0.446528 0.082031 0.062500
0 0.848047 0.491667 0.057031 0.058333
0 0.773828 0.502778 0.066406 0.058333
0 0.749609 0.573611 0.050781 0.083333
0 0.770703 0.614583 0.075781 0.084722
0 0.807422 0.665972 0.055469 0.098611
0 0.893750 0.739583 0.053125 0.120833
0 0.913672 0.591667 0.071094 0.169444
0 0.835938 0.571528 0.065625 0.070833
0 0.866406 0.654167 0.051562 0.083333
