0 0.491016 0.737500 0.130469 0.252778
0 0.080859 0.075694 0.074219 0.123611
0 0.024609 0.066667 0.042969 0.130556
0 0.093750 0.197222 0.187500 0.136111
0 0.048047 0.250000 0.092969 0.086111
0 0.019922 0.334722 0.039844 0.088889
0 0.041016 0.425000 0.082031 0.130556
0 0.050781 0.526389 0.101563 0.108333
0 0.043750 0.643056 0.079687 0.141667
0 0.125000 0.320139 0.081250 0.098611
0 0.126563 0.420139 0.092188 0.115278
0 0.132031 0.538194 0.064062 0.120833
0 0.135547 0.632639 0.053906 0.081944
0 0.107422 0.736806 0.133594 0.148611
0 0.106250 0.821528 0.060938 0.043056
0 0.065234 0.917361 0.130469 0.165278
0 0.936328 0.872222 0.125781 0.169444
0 0.855859 0.885417 0.099219 0.126389
0 0.850781 0.965972 0.196875 0.068056
0 0.641406 0.925694 0.107813 0.148611
0 0.725781 0.914583 0.060938 0.098611
0 0.780469 0.881250 0.060938 0.059722
0 0.728906 0.975694 0.056250 0.048611
0 0.776563 0.693056 0.096875 0.133333
0 0.498047 0.943750 0.078906 0.112500
0 0.195313 0.585417 0.056250 0.176389
0 0.214844 0.769444 0.087500 0.130556
0 0.254297 0.850000 0.091406 0.097222
0 0.168359 0.884028 0.086719 0.123611
0 0.218359 0.949306 0.077344 0.093056
0 0.229297 0.159722 0.083594 0.166667
0 0.338281 0.101389 0.096875 0.088889
0 0.290234 0.137500 0.000781 0.008333
0 0.319531 0.160417 0.101563 0.087500
0 0.316797 0.247222 0.083594 0.108333
0 0.222656 0.287500 0.107813 0.097222
0 0.219141 0.375000 0.092969 0.094444
0 0.206250 0.454861 0.065625 0.093056
0 0.303516 0.386111 0.075781 0.105556
0 0.269922 0.440972 0.044531 0.073611
0 0.248047 0.541667 0.060156 0.094444
0 0.350000 0.370833 0.065625 0.133333
0 0.425000 0.420139 0.085938 0.120833
0 0.381641 0.463194 0.105469 0.065278
0 0.328516 0.504861 0.124219 0.076389
0 0.346094 0.575000 0.128125 0.080556
0 0.426953 0.551389 0.088281 0.088889
0 0.304688 0.669444 0.103125 0.113889
0 0.391797 0.653472 0.063281 0.087500
0 0.305078 0.754167 0.117969 0.113889
0 0.394922 0.875694 0.080469 0.090278
0 0.328516 0.848611 0.092969 0.091667
0 0.408203 0.947222 0.091406 0.105556
0 0.300000 0.952083 0.115625 0.095833
0 0.743359 0.821528 0.114844 0.098611
0 0.707031 0.737500 0.043750 0.088889
0 0.645312 0.777778 0.093750 0.136111
0 0.641406 0.687500 0.167187 0.155556
0 0.769922 0.540972 0.119531 0.120833
0 0.750000 0.475694 0.100000 0.073611
0 0.618359 0.518056 0.077344 0.075000
0 0.573047 0.471528 0.077344 0.115278
0 0.508203 0.478472 0.077344 0.145833
0 0.785937 0.409722 0.048437 0.069444
0 0.748047 0.363194 0.132031 0.115278
0 0.682031 0.562500 0.057813 0.108333
0 0.687109 0.455556 0.075781 0.136111
0 0.708984 0.059028 0.071094 0.104167
0 0.661328 0.063889 0.075781 0.116667
0 0.609375 0.048611 0.071875 0.097222
0 0.560938 0.045139 0.051562 0.084722
0 0.515234 0.043750 0.075781 0.087500
0 0.424609 0.029167 0.097656 0.058333
0 0.425000 0.132639 0.067188 0.090278
0 0.505859 0.107639 0.096094 0.065278
0 0.519922 0.147917 0.102344 0.087500
0 0.494141 0.222222 0.074219 0.072222
0 0.532422 0.358333 0.110156 0.072222
0 0.746875 0.219444 0.087500 0.158333
0 0.663672 0.308333 0.069531 0.119444
0 0.608203 0.372222 0.039844 0.083333
0 0.645312 0.433333 0.057813 0.058333
0 0.686328 0.172222 0.046094 0.122222
0 0.614453 0.257639 0.107031 0.101389
0 0.496875 0.312500 0.110937 0.077778
0 0.544141 0.227083 0.044531 0.087500
0 0.618359 0.160417 0.085156 0.106944
