0 0.365234 0.954861 0.233594 0.090278
0 0.656250 0.314583 0.089062 0.131944
0 0.717188 0.222222 0.075000 0.213889
0 0.949219 0.080556 0.100000 0.075000
0 0.822266 0.040972 0.233594 0.079167
0 0.548437 0.834722 0.117188 0.113889
0 0.532422 0.946528 0.077344 0.095833
0 0.602734 0.966667 0.057031 0.066667
0 0.890234 0.206944 0.217969 0.200000
0 0.825391 0.304861 0.127344 0.115278
0 0.945313 0.362500 0.107813 0.136111
0 0.758594 0.383333 0.106250 0.052778
0 0.824219 0.444444 0.076563 0.066667
0 0.735156 0.440972 0.090625 0.076389
0 0.932031 0.530556 0.134375 0.197222
0 0.814453 0.967361 0.107031 0.065278
0 0.580469 0.722917 0.146875 0.154167
0 0.619531 0.595139 0.087500 0.159722
0 0.640625 0.493750 0.054688 0.062500
0 0.928125 0.929167 0.142188 0.141667
0 0.888672 0.762500 0.221094 0.172222
0 0.817578 0.862500 0.094531 0.058333
0 0.966797 0.661111 0.064844 0.058333
0 0.767578 0.575694 0.210156 0.206944
0 0.774219 0.730556 0.045313 0.125000
0 0.695703 0.732639 0.082031 0.101389
0 0.668359 0.896528 0.080469 0.206944
0 0.738672 0.943750 0.060156 0.112500
0 0.194922 0.600000 0.083594 0.055556
0 0.227734 0.304167 0.077344 0.077778
0 0.214062 0.355556 0.065625 0.075000
0 0.231641 0.423611 0.050781 0.061111
0 0.230078 0.512500 0.060156 0.130556
0 0.219141 0.670833 0.057031 0.083333
0 0.224609 0.787500 0.075781 0.125000
0 0.368750 0.049306 0.082813 0.095833
0 0.335938 0.143056 0.046875 0.105556
0 0.310937 0.222917 0.081250 0.104167
0 0.284375 0.321528 0.053125 0.093056
0 0.278125 0.407639 0.042188 0.109722
0 0.278906 0.509028 0.059375 0.123611
0 0.328906 0.515278 0.073437 0.127778
0 0.271875 0.617361 0.071875 0.079167
0 0.265234 0.677083 0.039844 0.062500
0 0.289453 0.731250 0.047656 0.112500
0 0.304297 0.852083 0.047656 0.123611
0 0.364062 0.878472 0.001563 0.006944
0 0.376172 0.857639 0.047656 0.084722
0 0.423438 0.693750 0.050000 0.129167
0 0.553516 0.517361 0.063281 0.104167
0 0.543750 0.432639 0.051562 0.087500
0 0.580078 0.187500 0.060156 0.113889
0 0.432813 0.090972 0.029687 0.137500
0 0.475781 0.143750 0.001563 0.001389
0 0.465625 0.082639 0.032812 0.151389
0 0.503125 0.054167 0.031250 0.077778
0 0.537500 0.050000 0.043750 0.086111
0 0.622656 0.048611 0.107813 0.077778
0 0.638672 0.106944 0.053906 0.061111
0 0.634375 0.182639 0.048437 0.104167
0 0.546875 0.150000 0.110937 0.100000
0 0.397266 0.134028 0.053906 0.073611
0 0.376953 0.193750 0.049219 0.076389
0 0.380078 0.249306 0.055469 0.045833
0 0.442187 0.211111 0.059375 0.108333
0 0.562891 0.302778 0.064844 0.094444
0 0.518750 0.232639 0.060938 0.090278
0 0.530859 0.371528 0.058594 0.112500
0 0.500000 0.304861 0.054688 0.104167
0 0.456250 0.275694 0.043750 0.148611
0 0.328906 0.301389 0.035937 0.113889
0 0.342969 0.374306 0.053125 0.095833
0 0.377734 0.313194 0.063281 0.076389
0 0.413281 0.280556 0.026563 0.044444
0 0.434766 0.336806 0.052344 0.104167
0 0.348828 0.449306 0.082031 0.081944
0 0.392188 0.376389 0.031250 0.077778
0 0.467187 0.399306 0.037500 0.093056
0 0.494141 0.460417 0.038281 0.084722
0 0.491016 0.552083 0.057031 0.112500
0 0.435547 0.444444 0.074219 0.102778
0 0.388672 0.564583 0.041406 0.104167
0 0.447656 0.534028 0.067188 0.065278
0 0.442969 0.598611 0.059375 0.069444
0 0.339844 0.585417 0.062500 0.068056
0 0.363281 0.639583 0.076563 0.062500
0 0.337891 0.681944 0.086719 0.050000
0 0.337891 0.718056 0.044531 0.055556
0 0.337891 0.787500 0.049219 0.094444
0 0.383594 0.754861 0.043750 0.104167
