0 0.507422 0.781944 0.041406 0.108333
0 0.462500 0.890972 0.125000 0.131944
0 0.299609 0.879167 0.058594 0.111111
0 0.210938 0.934722 0.126563 0.130556
0 0.130469 0.895139 0.056250 0.118056
0 0.274219 0.787500 0.210938 0.211111
0 0.586328 0.763889 0.044531 0.066667
0 0.563672 0.811806 0.035156 0.070833
0 0.060547 0.789583 0.121094 0.140278
0 0.190234 0.734722 0.139844 0.144444
0 0.925391 0.934722 0.147656 0.130556
0 0.792188 0.941667 0.092188 0.116667
0 0.893359 0.792361 0.211719 0.095833
0 0.935547 0.876389 0.127344 0.105556
0 0.618750 0.896528 0.123438 0.206944
0 0.707031 0.759722 0.131250 0.102778
0 0.712500 0.874306 0.070313 0.137500
