0 0.006250 0.160417 0.001563 0.004167
0 0.093750 0.159028 0.187500 0.304167
0 0.143359 0.352083 0.286719 0.240278
0 0.338672 0.079167 0.094531 0.141667
0 0.235547 0.040278 0.100781 0.069444
0 0.278906 0.150000 0.085938 0.105556
0 0.342969 0.238194 0.084375 0.090278
0 0.714844 0.035417 0.060938 0.065278
0 0.896484 0.090972 0.205469 0.165278
0 0.528516 0.061111 0.197656 0.122222
0 0.760156 0.174306 0.103125 0.173611
0 0.661328 0.173611 0.077344 0.219444
0 0.494141 0.202778 0.233594 0.197222
0 0.416797 0.340972 0.107031 0.079167
0 0.447266 0.376389 0.136719 0.136111
0 0.910937 0.261111 0.176563 0.138889
0 0.803906 0.306250 0.156250 0.081944
0 0.612500 0.360417 0.167187 0.112500
0 0.747656 0.430556 0.242188 0.236111
0 0.935547 0.411806 0.127344 0.106944
0 0.926562 0.493750 0.117188 0.076389
0 0.933984 0.577083 0.130469 0.112500
0 0.960547 0.709028 0.077344 0.118056
0 0.976953 0.808333 0.044531 0.075000
0 0.879297 0.733333 0.075781 0.127778
0 0.932422 0.895833 0.125781 0.169444
0 0.799609 0.635417 0.075781 0.184722
0 0.705859 0.654167 0.086719 0.200000
0 0.778906 0.768750 0.095312 0.087500
0 0.837109 0.880556 0.089844 0.197222
0 0.737891 0.872222 0.097656 0.108333
0 0.535937 0.511806 0.142188 0.184722
0 0.415234 0.504861 0.071094 0.098611
0 0.400391 0.674306 0.061719 0.195833
0 0.418359 0.817361 0.071094 0.170833
0 0.498828 0.665278 0.091406 0.111111
0 0.594922 0.595139 0.082031 0.079167
0 0.637500 0.722917 0.176563 0.145833
0 0.494141 0.827083 0.078906 0.168056
0 0.620703 0.856944 0.146094 0.127778
0 0.648438 0.966667 0.245312 0.066667
0 0.441797 0.954861 0.161719 0.090278
0 0.292188 0.639583 0.148438 0.173611
0 0.121875 0.482639 0.243750 0.104167
0 0.149609 0.612500 0.299219 0.230556
0 0.116016 0.792361 0.232031 0.204167
0 0.000391 0.909028 0.000781 0.012500
0 0.232812 0.819444 0.239063 0.275000
0 0.053906 0.925000 0.107813 0.119444
