0 0.530078 0.542361 0.083594 0.137500
0 0.621484 0.518056 0.085156 0.136111
0 0.336328 0.861806 0.127344 0.193056
0 0.454297 0.688889 0.060156 0.088889
0 0.957422 0.482639 0.083594 0.245833
0 0.898828 0.535417 0.102344 0.140278
0 0.833203 0.087500 0.099219 0.175000
0 0.957031 0.054861 0.084375 0.084722
0 0.330859 0.049306 0.064844 0.095833
0 0.439063 0.072917 0.126563 0.140278
0 0.303125 0.310417 0.057813 0.148611
0 0.764063 0.327083 0.109375 0.143056
0 0.820703 0.430556 0.088281 0.072222
0 0.710156 0.415278 0.112500 0.113889
0 0.742188 0.038889 0.081250 0.077778
0 0.325391 0.613194 0.078906 0.118056
0 0.358984 0.704167 0.130469 0.116667
0 0.391406 0.511111 0.103125 0.261111
0 0.694531 0.154861 0.115625 0.095833
0 0.375391 0.273611 0.083594 0.200000
0 0.658984 0.044444 0.077344 0.088889
0 0.575391 0.052778 0.083594 0.105556
0 0.517187 0.152083 0.098438 0.098611
0 0.446484 0.223611 0.061719 0.111111
0 0.603906 0.150694 0.050000 0.106944
0 0.588281 0.323611 0.167187 0.244444
0 0.472656 0.347222 0.065625 0.194444
