0 0.281250 0.188194 0.165625 0.226389
0 0.508594 0.836111 0.031250 0.094444
0 0.291406 0.915278 0.264062 0.169444
0 0.207422 0.754167 0.058594 0.127778
0 0.607422 0.691667 0.038281 0.077778
0 0.476953 0.687500 0.024219 0.133333
0 0.505469 0.646528 0.039063 0.101389
0 0.458984 0.596528 0.053906 0.109722
0 0.376953 0.522222 0.046094 0.097222
0 0.343359 0.535417 0.028906 0.081944
0 0.271875 0.423611 0.160938 0.236111
0 0.218750 0.594444 0.067188 0.105556
0 0.404687 0.081250 0.026563 0.056944
0 0.390234 0.136111 0.028906 0.072222
0 0.464844 0.140972 0.037500 0.073611
0 0.523828 0.328472 0.027344 0.059722
0 0.596484 0.111111 0.185156 0.183333
0 0.717578 0.118750 0.049219 0.065278
0 0.603516 0.540278 0.042969 0.102778
0 0.657422 0.553472 0.052344 0.059722
0 0.532031 0.959028 0.064062 0.081944
0 0.477344 0.847917 0.017188 0.051389
0 0.636719 0.954861 0.090625 0.090278
0 0.703125 0.943056 0.045313 0.113889
0 0.690234 0.829167 0.063281 0.088889
0 0.648828 0.608333 0.027344 0.050000
0 0.689453 0.632639 0.035156 0.056944
0 0.699609 0.450000 0.086719 0.127778
0 0.677344 0.330556 0.070313 0.125000
0 0.602344 0.311806 0.053125 0.079167
0 0.622266 0.438889 0.063281 0.066667
0 0.573828 0.407639 0.066406 0.131944
0 0.431250 0.309028 0.137500 0.187500
0 0.475391 0.454861 0.092969 0.104167
0 0.520312 0.552083 0.032812 0.073611
0 0.396484 0.427778 0.021094 0.025000
0 0.363672 0.427083 0.022656 0.026389
0 0.705859 0.692361 0.069531 0.081944
0 0.726953 0.795139 0.049219 0.104167
0 0.776953 0.803472 0.046094 0.073611
0 0.715234 0.206944 0.049219 0.086111
0 0.907031 0.629861 0.184375 0.740278
0 0.776953 0.938194 0.072656 0.123611
0 0.808203 0.222917 0.149219 0.215278
0 0.760938 0.513194 0.109375 0.345833
0 0.787891 0.726389 0.067969 0.072222
