0 0.686328 0.367361 0.144531 0.120833
0 0.822656 0.536806 0.143750 0.206944
0 0.923437 0.377083 0.151562 0.195833
0 0.954297 0.756250 0.089844 0.404167
0 0.035547 0.097917 0.071094 0.195833
0 0.099219 0.255556 0.198437 0.116667
0 0.131250 0.041667 0.117188 0.083333
0 0.253516 0.070139 0.067969 0.068056
0 0.411328 0.029167 0.446094 0.058333
0 0.332422 0.084028 0.032031 0.051389
0 0.845703 0.165972 0.050781 0.106944
0 0.966406 0.168056 0.065625 0.058333
0 0.740625 0.050000 0.209375 0.097222
0 0.922266 0.068750 0.153906 0.137500
0 0.762500 0.872222 0.196875 0.255556
0 0.716406 0.715972 0.376563 0.304167
0 0.590625 0.880556 0.154687 0.238889
0 0.428516 0.728472 0.164844 0.329167
0 0.519922 0.336806 0.108594 0.145833
0 0.365234 0.370833 0.216406 0.172222
0 0.076953 0.647917 0.153906 0.545833
0 0.264844 0.598611 0.232812 0.288889
0 0.353125 0.884028 0.229687 0.231944
0 0.247656 0.163889 0.264062 0.127778
0 0.386719 0.266667 0.096875 0.077778
0 0.528516 0.235417 0.061719 0.120833
0 0.470313 0.173611 0.189063 0.094444
0 0.453516 0.110417 0.055469 0.090278
