0 0.926172 0.136806 0.147656 0.268056
0 0.950000 0.337500 0.098438 0.163889
0 0.959375 0.765278 0.079687 0.300000
0 0.837891 0.639583 0.185156 0.337500
0 0.041016 0.168056 0.082031 0.130556
0 0.046875 0.315278 0.093750 0.177778
0 0.018359 0.597222 0.036719 0.072222
0 0.034766 0.670139 0.069531 0.126389
0 0.116406 0.708333 0.090625 0.080556
0 0.133203 0.620833 0.141406 0.086111
0 0.150391 0.488194 0.192969 0.065278
0 0.157031 0.424306 0.081250 0.084722
0 0.225000 0.313194 0.009375 0.001389
0 0.157422 0.331944 0.139844 0.086111
0 0.139453 0.257639 0.072656 0.106944
0 0.114063 0.185417 0.053125 0.115278
0 0.087500 0.068056 0.175000 0.122222
0 0.448828 0.040972 0.071094 0.081944
0 0.391016 0.120833 0.041406 0.241667
0 0.272266 0.046528 0.192969 0.093056
0 0.277344 0.111806 0.143750 0.079167
0 0.347656 0.173611 0.046875 0.069444
0 0.212109 0.223611 0.064844 0.202778
0 0.306250 0.206944 0.107813 0.108333
0 0.271094 0.256250 0.051562 0.137500
0 0.436328 0.136806 0.085156 0.109722
0 0.266406 0.438194 0.132813 0.123611
0 0.279297 0.329861 0.102344 0.090278
0 0.303516 0.938889 0.114844 0.122222
0 0.253906 0.581944 0.103125 0.102778
0 0.135547 0.553472 0.103906 0.084722
0 0.059375 0.550694 0.081250 0.062500
0 0.034375 0.435417 0.068750 0.112500
0 0.265234 0.709722 0.180469 0.300000
0 0.487500 0.286111 0.054688 0.200000
0 0.411328 0.290972 0.158594 0.315278
0 0.362500 0.515278 0.059375 0.119444
0 0.429297 0.525000 0.083594 0.138889
0 0.383594 0.607639 0.060938 0.054167
0 0.399609 0.659028 0.096094 0.095833
0 0.404297 0.725000 0.122656 0.086111
0 0.500391 0.622222 0.107031 0.183333
0 0.417578 0.819444 0.114844 0.091667
0 0.501172 0.909722 0.085156 0.180556
0 0.559375 0.737500 0.140625 0.172222
0 0.596484 0.932639 0.110156 0.134722
0 0.640625 0.904167 0.082813 0.150000
0 0.666797 0.844444 0.069531 0.155556
0 0.703125 0.818750 0.089062 0.126389
0 0.698828 0.725694 0.094531 0.118056
0 0.793359 0.360417 0.108594 0.143056
0 0.792578 0.049306 0.122656 0.098611
0 0.707031 0.101389 0.096875 0.086111
0 0.758984 0.162500 0.053906 0.080556
0 0.622266 0.063194 0.066406 0.126389
0 0.560156 0.145139 0.065625 0.106944
0 0.633984 0.119444 0.053906 0.100000
0 0.703125 0.237500 0.064062 0.077778
0 0.661328 0.195139 0.103906 0.109722
0 0.555469 0.252778 0.100000 0.155556
0 0.688281 0.320139 0.126563 0.145833
0 0.722266 0.519444 0.053906 0.227778
0 0.583984 0.333333 0.103906 0.091667
0 0.610547 0.516667 0.189844 0.272222
