0 0.964453 0.054167 0.069531 0.102778
0 0.863672 0.146528 0.127344 0.173611
0 0.950391 0.288889 0.097656 0.286111
0 0.586719 0.947222 0.196875 0.105556
0 0.694531 0.781250 0.093750 0.248611
0 0.791406 0.925694 0.146875 0.148611
0 0.850000 0.787500 0.175000 0.191667
0 0.851563 0.359722 0.145313 0.172222
0 0.684375 0.259028 0.084375 0.223611
0 0.657031 0.404861 0.057813 0.104167
0 0.773047 0.272917 0.113281 0.131944
0 0.784766 0.397917 0.094531 0.137500
0 0.722656 0.482639 0.090625 0.084722
0 0.725391 0.416667 0.100781 0.102778
0 0.692578 0.509028 0.107031 0.084722
0 0.829297 0.491667 0.075781 0.086111
0 0.967969 0.765278 0.062500 0.288889
0 0.936328 0.550694 0.116406 0.134722
0 0.851172 0.551389 0.078906 0.086111
0 0.897266 0.636111 0.085156 0.111111
0 0.814844 0.576389 0.075000 0.116667
0 0.770312 0.587500 0.059375 0.113889
0 0.824609 0.656250 0.063281 0.070833
0 0.765625 0.654861 0.120312 0.106944
0 0.700391 0.585417 0.083594 0.062500
0 0.566016 0.158333 0.036719 0.183333
0 0.585547 0.268750 0.060156 0.084722
0 0.595312 0.381944 0.070313 0.116667
0 0.500391 0.121528 0.077344 0.093056
0 0.457031 0.165278 0.032812 0.094444
0 0.526172 0.213194 0.000781 0.001389
0 0.499219 0.184028 0.057813 0.062500
0 0.534375 0.240278 0.037500 0.147222
0 0.462891 0.232639 0.103906 0.056944
0 0.410547 0.289583 0.063281 0.068056
0 0.475391 0.304861 0.066406 0.073611
0 0.529297 0.338194 0.041406 0.062500
0 0.541797 0.380556 0.046094 0.058333
0 0.473828 0.359028 0.086719 0.081944
0 0.394141 0.397917 0.030469 0.145833
0 0.448828 0.402778 0.071094 0.144444
0 0.517578 0.463194 0.061719 0.120833
0 0.580469 0.484722 0.087500 0.150000
0 0.585156 0.580556 0.056250 0.097222
0 0.514063 0.587500 0.064062 0.094444
0 0.441797 0.518056 0.125781 0.086111
0 0.426953 0.585417 0.108594 0.076389
0 0.046094 0.219444 0.092188 0.147222
0 0.046875 0.327083 0.093750 0.118056
0 0.068359 0.452778 0.136719 0.144444
0 0.052344 0.584722 0.104687 0.094444
0 0.058203 0.670833 0.116406 0.083333
0 0.350391 0.672917 0.075781 0.081944
0 0.342187 0.733333 0.092188 0.069444
0 0.353906 0.813889 0.090625 0.069444
0 0.291016 0.813889 0.058594 0.097222
0 0.247266 0.759028 0.094531 0.120833
0 0.292578 0.675000 0.067969 0.055556
0 0.226172 0.662500 0.067969 0.072222
0 0.158594 0.606250 0.101563 0.101389
0 0.321875 0.566667 0.064062 0.133333
0 0.345703 0.503472 0.071094 0.245833
0 0.351172 0.250694 0.080469 0.126389
0 0.273047 0.219444 0.094531 0.127778
0 0.165625 0.216667 0.143750 0.097222
0 0.143359 0.360417 0.116406 0.190278
0 0.270312 0.306250 0.117188 0.056944
0 0.232812 0.346528 0.112500 0.070833
0 0.276953 0.383333 0.100781 0.088889
0 0.176563 0.512500 0.093750 0.066667
0 0.223438 0.457639 0.059375 0.120833
0 0.280469 0.465972 0.071875 0.079167
0 0.243750 0.563194 0.084375 0.104167
0 0.412500 0.767361 0.059375 0.101389
0 0.443750 0.671528 0.042188 0.087500
0 0.626953 0.663889 0.052344 0.136111
0 0.507422 0.679167 0.078906 0.113889
0 0.575391 0.702778 0.077344 0.094444
0 0.576563 0.776389 0.118750 0.086111
0 0.484766 0.763194 0.067969 0.054167
0 0.465625 0.861111 0.134375 0.141667
0 0.564062 0.856250 0.053125 0.098611
