0 0.117578 0.297917 0.235156 0.304167
0 0.912109 0.791667 0.174219 0.416667
0 0.746875 0.916667 0.154687 0.166667
0 0.595312 0.929861 0.090625 0.140278
0 0.700391 0.740278 0.069531 0.152778
0 0.624609 0.788889 0.092969 0.091667
0 0.025000 0.509028 0.050000 0.115278
0 0.047266 0.758333 0.094531 0.250000
0 0.014453 0.933333 0.028906 0.091667
0 0.315625 0.412500 0.125000 0.100000
0 0.304297 0.236806 0.202344 0.301389
0 0.352344 0.071528 0.107813 0.143056
0 0.494922 0.035417 0.192969 0.070833
0 0.183594 0.491667 0.203125 0.108333
0 0.122266 0.588194 0.083594 0.079167
0 0.254687 0.609722 0.040625 0.091667
0 0.174609 0.811111 0.169531 0.377778
0 0.455078 0.365278 0.086719 0.097222
0 0.432422 0.441667 0.100781 0.066667
0 0.998047 0.333333 0.002344 0.005556
0 0.966797 0.278472 0.064844 0.101389
0 0.973828 0.386806 0.050781 0.104167
0 0.794531 0.070833 0.409375 0.138889
0 0.496484 0.197917 0.182031 0.254167
0 0.768359 0.301389 0.360156 0.325000
0 0.511328 0.430556 0.058594 0.075000
0 0.558984 0.392361 0.066406 0.118056
0 0.792188 0.563889 0.301562 0.197222
0 0.783594 0.699306 0.082813 0.073611
0 0.457812 0.584028 0.367188 0.256944
0 0.413672 0.856250 0.310156 0.287500
