0 0.078516 0.848611 0.097656 0.133333
0 0.081641 0.413889 0.163281 0.211111
0 0.650781 0.594444 0.084375 0.208333
0 0.893750 0.750694 0.179688 0.448611
0 0.291797 0.371528 0.178906 0.190278
0 0.532812 0.440278 0.120312 0.247222
0 0.401953 0.479167 0.133594 0.255556
0 0.549219 0.624306 0.062500 0.104167
0 0.461328 0.687500 0.078906 0.122222
0 0.654688 0.308333 0.128125 0.177778
0 0.980078 0.295833 0.038281 0.105556
0 0.948438 0.115972 0.101563 0.198611
0 0.826953 0.269444 0.133594 0.225000
0 0.749609 0.510417 0.177344 0.259722
0 0.451953 0.095833 0.903906 0.180556
0 0.500391 0.237500 0.221094 0.175000
