0 0.105469 0.390278 0.093750 0.152778
0 0.026172 0.599306 0.052344 0.226389
0 0.263672 0.061111 0.108594 0.122222
0 0.255078 0.159722 0.105469 0.100000
0 0.157422 0.689583 0.203906 0.190278
0 0.049609 0.904861 0.099219 0.181944
0 0.214453 0.843056 0.189844 0.161111
0 0.813672 0.409028 0.371094 0.806944
0 0.891797 0.863194 0.208594 0.273611
0 0.747266 0.959028 0.097656 0.081944
0 0.465625 0.063194 0.176563 0.126389
0 0.590625 0.107639 0.082813 0.120833
0 0.577344 0.218056 0.112500 0.097222
0 0.373047 0.183333 0.132031 0.122222
0 0.366016 0.321528 0.125781 0.218056
0 0.324219 0.590972 0.150000 0.129167
0 0.258203 0.418056 0.099219 0.169444
0 0.532422 0.335417 0.199219 0.126389
0 0.437500 0.454167 0.103125 0.119444
0 0.588281 0.418750 0.051562 0.062500
0 0.512500 0.491667 0.120312 0.127778
0 0.606641 0.543056 0.107031 0.127778
0 0.523438 0.648611 0.218750 0.144444
0 0.396875 0.677083 0.029687 0.070833
0 0.370313 0.746528 0.100000 0.095833
0 0.324609 0.908333 0.110156 0.183333
0 0.501953 0.865278 0.246094 0.269444
0 0.636719 0.923611 0.110937 0.152778
